Date,Open,High,Low,Close,Volume,Adj Close
2016-05-25,12.85,12.85,12.85,12.85,000,12.85
2016-05-24,12.85,12.85,12.85,12.85,000,12.85
2016-05-23,12.85,12.85,12.85,12.85,000,12.85
2016-05-20,12.85,12.85,12.85,12.85,000,12.85
2016-05-19,12.85,12.85,12.85,12.85,000,12.85
2016-05-18,12.85,12.85,12.85,12.85,000,12.85
2016-05-17,12.85,12.85,12.85,12.85,000,12.85
2016-05-16,12.85,12.85,12.85,12.85,000,12.85
2016-05-13,12.85,12.85,12.85,12.85,000,12.85
2016-05-12,12.85,12.85,12.85,12.85,000,12.85
2016-05-11,12.85,12.85,12.85,12.85,000,12.85
2016-05-10,12.85,12.85,12.85,12.85,000,12.85
2016-05-09,12.85,12.85,12.85,12.85,000,12.85
2016-05-06,12.85,12.85,12.85,12.85,000,12.85
2016-05-05,12.85,12.85,12.85,12.85,000,12.85
2016-05-04,12.85,12.85,12.85,12.85,000,12.85
2016-05-03,12.85,12.85,12.85,12.85,000,12.85
2016-05-02,12.85,12.85,12.85,12.85,000,12.85
2016-04-29,12.85,12.85,12.85,12.85,000,12.85
2016-04-28,12.85,12.85,12.85,12.85,000,12.85
2016-04-27,12.85,12.85,12.85,12.85,000,12.85
2016-04-26,12.85,12.85,12.85,12.85,000,12.85
2016-04-25,12.85,12.85,12.85,12.85,000,12.85
2016-04-22,12.85,12.85,12.85,12.85,000,12.85
2016-04-21,12.85,12.85,12.85,12.85,000,12.85
2016-04-20,12.85,12.85,12.85,12.85,000,12.85
2016-04-19,12.85,12.85,12.85,12.85,000,12.85
2016-04-18,12.85,12.85,12.85,12.85,000,12.85
2016-04-15,12.85,12.85,12.85,12.85,000,12.85
2016-04-14,12.85,12.85,12.85,12.85,000,12.85
2016-04-13,12.85,12.85,12.85,12.85,000,12.85
2016-04-12,12.85,12.85,12.85,12.85,000,12.85
2016-04-11,12.85,12.85,12.85,12.85,000,12.85
2016-04-08,12.71,12.93,12.58,12.85,5470800,12.85
2016-04-07,13.03,13.03,12.71,12.77,5547900,12.77
2016-04-06,12.62,13.24,12.53,13.03,8045200,13.03
2016-04-05,12.50,12.73,12.36,12.70,8482200,12.70
2016-04-04,12.40,12.40,12.40,12.40,000,12.40
2016-04-01,12.15,12.43,12.12,12.40,5793500,12.40
2016-03-31,12.33,12.47,12.21,12.25,6308300,12.25
2016-03-30,12.09,12.31,11.96,12.30,5880600,12.30
2016-03-29,12.30,12.37,11.86,11.97,4751200,11.97
2016-03-28,12.24,12.60,12.18,12.36,5835300,12.36
2016-03-25,11.95,12.27,11.94,12.24,5236000,12.24
2016-03-24,12.07,12.23,11.87,12.10,4302000,12.10
2016-03-23,12.30,12.39,12.03,12.25,5998200,12.25
2016-03-22,12.25,12.38,12.15,12.29,4701600,12.29
2016-03-21,12.24,12.40,12.15,12.30,5990200,12.30
2016-03-18,11.85,12.37,11.82,12.20,6609000,12.20
2016-03-17,11.52,11.94,11.47,11.87,4811400,11.87
2016-03-16,11.70,11.88,11.50,11.57,3709400,11.57
2016-03-15,11.80,11.85,11.52,11.57,3232600,11.57
2016-03-14,11.81,12.09,11.66,11.88,6352200,11.88
2016-03-11,11.37,11.84,11.09,11.69,5061300,11.69
2016-03-10,11.40,11.57,11.11,11.44,3377000,11.44
2016-03-09,11.65,11.90,11.40,11.45,4675500,11.45
2016-03-08,11.21,12.10,10.78,11.97,6473500,11.97
2016-03-07,10.90,11.37,10.90,11.26,2684900,11.26
2016-03-04,11.28,11.45,10.71,10.97,3407100,10.97
2016-03-03,11.28,11.47,11.22,11.34,3062100,11.34
2016-03-02,10.66,11.50,10.66,11.33,3896100,11.33
2016-03-01,10.40,10.85,9.98,10.78,3472600,10.78
2016-02-29,11.20,11.28,10.22,10.31,4453400,10.31
2016-02-26,11.74,11.79,11.02,11.36,4651100,11.36
2016-02-25,12.80,12.86,11.64,11.64,4554900,11.64
2016-02-24,12.80,13.04,12.60,12.93,3888500,12.93
2016-02-23,12.66,12.98,12.48,12.92,6466900,12.92
2016-02-22,12.58,12.67,12.35,12.60,4795300,12.60
2016-02-19,12.16,12.35,12.16,12.24,1682200,12.24
2016-02-18,12.39,12.45,12.13,12.25,2412300,12.25
2016-02-17,12.31,12.72,12.20,12.31,3571500,12.31
2016-02-16,11.77,12.45,11.75,12.40,3630700,12.40
2016-02-15,11.31,11.80,11.22,11.77,1722800,11.77
2016-02-12,11.69,11.69,11.69,11.69,000,11.69
2016-02-11,11.69,11.69,11.69,11.69,000,11.69
2016-02-10,11.69,11.69,11.69,11.69,000,11.69
2016-02-09,11.69,11.69,11.69,11.69,000,11.69
2016-02-08,11.69,11.69,11.69,11.69,000,11.69
2016-02-05,12.00,12.10,11.65,11.69,2800200,11.69
2016-02-04,11.66,12.05,11.60,11.94,4534000,11.94
2016-02-03,11.50,11.75,11.31,11.70,2847500,11.70
2016-02-02,11.13,11.69,11.13,11.62,2890500,11.62
2016-02-01,11.30,11.45,10.98,11.20,2896200,11.20
2016-01-29,10.70,11.60,10.70,11.37,3680200,11.37
2016-01-28,10.75,11.08,10.50,10.88,2654300,10.88
2016-01-27,10.85,11.15,10.20,10.89,3838600,10.89
2016-01-26,11.60,11.75,10.60,10.83,4231400,10.83
2016-01-25,11.22,11.80,11.11,11.77,4980000,11.77
2016-01-22,10.95,11.20,10.62,11.10,2803000,11.10
2016-01-21,11.10,11.54,10.85,10.89,3583500,10.89
2016-01-20,11.40,11.66,11.22,11.38,3741700,11.38
2016-01-19,10.98,11.43,10.83,11.36,3406500,11.36
2016-01-18,10.58,11.11,10.35,10.93,2892100,10.93
2016-01-15,11.08,11.24,10.60,10.68,3027700,10.68
2016-01-14,10.48,11.23,10.35,11.17,4727300,11.17
2016-01-13,11.49,11.55,10.72,10.79,3239000,10.79
2016-01-12,11.39,11.57,10.97,11.34,2757800,11.34
2016-01-11,12.23,12.46,11.32,11.32,4019300,11.32
2016-01-08,13.15,13.20,11.80,12.58,5375400,12.58
2016-01-07,13.70,13.78,12.71,12.71,1046800,12.71
2016-01-06,13.89,14.14,13.58,14.12,4355400,14.12
2016-01-05,13.50,14.55,12.95,13.77,5954900,13.77
2016-01-04,15.75,15.80,14.16,14.16,6194600,14.16
2016-01-01,15.73,15.73,15.73,15.73,000,15.73
2015-12-31,15.61,16.01,15.42,15.73,9042900,15.73
2015-12-30,15.40,15.93,15.36,15.73,10526600,15.73
2015-12-29,14.96,15.38,14.77,15.38,5711000,15.38
2015-12-28,15.22,15.79,15.08,15.10,12096300,15.10
2015-12-25,14.88,14.88,14.88,14.88,000,14.88
2015-12-24,15.06,15.17,14.61,14.88,6299900,14.88
2015-12-23,14.98,15.52,14.82,15.25,14432300,15.25
2015-12-22,15.10,15.16,14.85,14.99,7631700,14.99
2015-12-21,14.59,15.47,14.40,15.20,13915600,15.20
2015-12-18,14.71,14.85,14.41,14.60,6799900,14.60
2015-12-17,14.40,14.78,14.40,14.70,7886400,14.70
2015-12-16,14.40,14.52,14.26,14.31,5193300,14.31
2015-12-15,14.00,14.50,13.93,14.45,5611300,14.45
2015-12-14,13.59,14.07,13.41,13.99,3259300,13.99
2015-12-11,14.17,14.19,13.50,13.69,5718300,13.69
2015-12-10,14.32,14.50,14.12,14.12,4737900,14.12
2015-12-09,14.10,14.44,14.05,14.34,4695400,14.34
2015-12-08,14.26,14.38,13.96,14.07,5190900,14.07
2015-12-07,14.08,14.54,14.01,14.39,4882100,14.39
2015-12-04,13.90,14.37,13.85,14.08,6061300,14.08
2015-12-03,13.63,13.96,13.63,13.90,3398900,13.90
2015-12-02,13.90,13.93,13.30,13.63,4228400,13.63
2015-12-01,13.80,14.23,13.55,13.81,5511000,13.81
2015-11-30,14.00,14.29,12.70,13.79,10055300,13.79
2015-11-27,15.08,15.26,13.73,14.10,9049200,14.10
2015-11-26,15.50,15.54,14.94,15.26,9758800,15.26
2015-11-25,14.80,16.08,14.65,15.54,17064300,15.54
2015-11-24,14.19,14.95,13.86,14.87,11698900,14.87
2015-11-23,14.30,14.61,14.05,14.14,6758700,14.14
2015-11-20,14.27,14.75,14.12,14.55,8428400,14.55
2015-11-19,14.00,14.30,13.90,14.27,5201500,14.27
2015-11-18,14.32,14.45,13.80,13.85,6440000,13.85
2015-11-17,14.90,14.99,14.30,14.40,10657800,14.40
2015-11-16,14.02,14.86,13.83,14.85,8875300,14.85
2015-11-13,14.85,15.14,14.50,14.51,10403100,14.51
2015-11-12,15.25,15.60,14.57,15.10,22611000,15.10
2015-11-11,13.55,14.98,13.54,14.98,22635400,14.98
2015-11-10,13.53,14.10,13.42,13.62,14075800,13.62
2015-11-09,13.21,13.84,13.09,13.65,17378900,13.65
2015-11-06,13.00,13.33,12.98,13.21,12778700,13.21
2015-11-05,13.05,13.29,12.90,12.98,11839900,12.98
2015-11-04,12.61,13.15,12.55,13.10,11344700,13.10
2015-11-03,12.60,12.63,12.14,12.55,9408000,12.55
2015-11-02,12.70,13.00,12.38,12.50,12565100,12.50
2015-10-30,12.30,13.60,12.15,13.20,25057900,13.20
2015-10-29,12.25,12.54,12.15,12.36,9203900,12.36
2015-10-28,12.19,12.50,12.08,12.23,9774000,12.23
2015-10-27,12.35,12.47,11.76,12.35,9254600,12.35
2015-10-26,12.70,12.70,12.31,12.51,13067700,12.51
2015-10-23,12.20,12.90,12.04,12.65,23512400,12.65
2015-10-22,11.81,12.25,11.63,12.12,8816500,12.12
2015-10-21,12.56,12.60,11.30,11.88,12428300,11.88
2015-10-20,12.49,12.56,12.22,12.46,11287600,12.46
2015-10-19,12.31,12.80,12.18,12.58,18171300,12.58
2015-10-16,12.15,12.28,11.88,12.26,13571000,12.26
2015-10-15,11.51,12.28,11.50,12.12,13976400,12.12
2015-10-14,11.85,12.13,11.55,11.70,13644600,11.70
2015-10-13,11.88,12.36,11.80,12.17,17434900,12.17
2015-10-12,11.21,11.93,11.20,11.84,14248300,11.84
2015-10-09,11.02,11.17,10.86,11.09,6269900,11.09
2015-10-08,11.01,11.10,10.82,11.02,6833000,11.02
2015-10-07,10.68,10.68,10.68,10.68,000,10.68
2015-10-06,10.68,10.68,10.68,10.68,000,10.68
2015-10-05,10.68,10.68,10.68,10.68,000,10.68
2015-10-02,10.68,10.68,10.68,10.68,000,10.68
2015-10-01,10.68,10.68,10.68,10.68,000,10.68
2015-09-30,10.80,10.96,10.58,10.68,3440600,10.68
2015-09-29,10.98,11.10,10.71,10.73,5071500,10.73
2015-09-28,10.95,11.34,10.83,11.27,7640000,11.27
2015-09-25,11.53,11.53,10.61,10.76,7362900,10.76
2015-09-24,11.52,11.77,11.41,11.50,9382000,11.50
2015-09-23,11.20,11.62,11.11,11.52,11196000,11.52
2015-09-22,11.77,11.85,11.20,11.43,15749200,11.43
2015-09-21,10.78,11.78,10.64,11.78,18854300,11.78
2015-09-18,10.26,11.00,10.26,10.92,8945800,10.92
2015-09-17,10.42,11.38,10.26,10.40,11959300,10.40
2015-09-16,9.82,10.62,9.60,10.60,8333000,10.60
2015-09-15,10.00,10.39,9.51,9.65,8091200,9.65
2015-09-14,11.80,11.87,10.50,10.50,10590200,10.50
2015-09-11,11.56,11.86,11.38,11.67,10364000,11.67
2015-09-10,11.48,11.75,11.30,11.34,9713500,11.34
2015-09-09,11.40,11.95,11.28,11.86,14126100,11.86
2015-09-08,10.33,11.32,10.33,11.32,11682400,11.32
2015-09-07,10.18,10.60,10.06,10.29,6134500,10.29
2015-09-04,10.00,10.00,10.00,10.00,000,10.00
2015-09-03,10.00,10.00,10.00,10.00,000,10.00
2015-09-02,10.01,10.88,9.79,10.00,8672400,10.00
2015-09-01,11.80,11.80,10.51,10.69,10447500,10.69
2015-08-31,11.86,12.10,11.45,11.67,10372300,11.67
2015-08-28,11.51,11.98,11.00,11.88,13272200,11.88
2015-08-27,10.57,11.21,10.33,11.21,11285400,11.21
2015-08-26,10.72,11.50,9.90,10.37,13575400,10.37
2015-08-25,10.48,11.06,10.48,10.48,9857300,10.48
2015-08-24,12.10,12.39,11.64,11.64,8252300,11.64
2015-08-21,13.00,13.80,12.72,12.93,16760700,12.93
2015-08-20,13.65,14.19,13.28,13.30,11029900,13.30
2015-08-19,13.00,14.30,12.60,13.90,15021400,13.90
2015-08-18,15.36,15.45,13.92,13.92,15648000,13.92
2015-08-17,15.20,15.50,14.77,15.47,15947100,15.47
2015-08-14,15.75,16.08,15.31,15.46,21809800,15.46
2015-08-13,15.30,16.20,15.20,15.75,30118700,15.75
2015-08-12,15.61,16.18,14.74,15.50,39690600,15.50
2015-08-11,14.18,15.38,13.90,15.38,29640700,15.38
2015-08-10,13.20,14.03,13.20,13.98,15658000,13.98
2015-08-07,12.35,12.99,12.35,12.98,9276900,12.98
2015-08-06,11.89,12.60,11.83,12.29,6322800,12.29
2015-08-05,12.89,13.15,12.30,12.45,9835100,12.45
2015-08-04,11.68,12.95,11.68,12.81,11389200,12.81
2015-08-03,12.70,12.99,11.84,11.84,11497700,11.84
2015-07-31,13.80,14.43,12.88,13.16,15514900,13.16
2015-07-30,14.30,15.15,13.90,14.22,27572800,14.22
2015-07-29,12.90,13.85,12.52,13.80,15365400,13.80
2015-07-28,12.58,13.68,12.17,12.59,15713800,12.59
2015-07-27,14.00,15.36,13.30,13.52,25064700,13.52
2015-07-24,14.60,15.40,14.02,14.54,22915300,14.54
2015-07-23,13.68,14.56,13.41,14.28,20663200,14.28
2015-07-22,13.68,14.14,13.22,13.71,25996200,13.71
2015-07-21,13.20,14.07,12.80,13.99,34126600,13.99
2015-07-20,12.75,12.79,12.43,12.79,15443300,12.79
2015-07-17,11.63,11.63,11.21,11.63,10392800,11.63
2015-07-16,10.57,10.57,10.57,10.57,3669300,10.57
2015-07-15,9.61,9.61,9.61,9.61,000,9.61
2015-07-14,9.61,9.61,9.61,9.61,000,9.61
2015-07-13,9.61,9.61,9.61,9.61,000,9.61
2015-07-10,9.61,9.61,9.61,9.61,000,9.61
2015-07-09,9.61,9.61,9.61,9.61,000,9.61
2015-07-08,9.61,9.61,9.61,9.61,000,9.61
2015-07-07,10.10,10.10,9.61,9.61,3190200,9.61
2015-07-06,13.06,13.06,10.68,10.68,10414000,10.68
2015-07-03,12.37,12.98,11.87,11.87,7574100,11.87
2015-07-02,14.40,14.68,13.19,13.19,9423700,13.19
2015-07-01,16.24,17.00,14.65,14.66,9557000,14.66
2015-06-30,15.00,16.50,14.07,16.25,13281000,16.25
2015-06-29,17.70,18.15,15.63,15.63,9373200,15.63
2015-06-26,18.91,18.95,17.37,17.37,7255300,17.37
2015-06-25,19.26,20.17,18.76,19.30,10868100,19.30
2015-06-24,19.01,19.32,18.65,19.25,7332200,19.25
2015-06-23,19.58,19.58,17.75,18.88,8469800,18.88
2015-06-22,19.71,19.71,19.71,19.71,000,19.71
2015-06-19,21.01,21.37,19.63,19.71,7712200,19.71
2015-06-18,22.73,22.78,20.88,21.80,8057700,21.80
2015-06-17,21.89,23.24,20.20,23.08,12397100,23.08
2015-06-16,23.55,23.55,21.45,22.15,10262300,22.15
2015-06-15,24.55,25.00,23.60,23.75,12698400,23.75
2015-06-12,25.24,26.18,23.50,24.55,18983400,24.55
2015-06-11,25.05,25.88,24.57,25.24,10710600,25.24
2015-06-10,23.89,25.99,23.20,25.05,14751700,25.05
2015-06-09,24.69,24.69,23.28,23.95,14272700,23.95
2015-06-08,23.17,25.21,22.51,24.69,19500100,24.69
2015-06-05,21.50,23.35,21.00,23.17,17998600,23.17
2015-06-04,21.60,21.65,19.49,21.29,11906800,21.29
2015-06-03,21.93,22.90,21.00,21.65,11014800,21.65
2015-06-02,21.50,22.25,20.81,22.18,16931000,22.18
2015-06-01,20.30,21.97,19.00,21.46,18606600,21.46
2015-05-29,18.62,20.48,18.27,20.38,20928500,20.38
2015-05-28,18.46,20.23,18.05,18.62,17450600,18.62
2015-05-27,18.10,18.75,17.86,18.39,12336900,18.39
2015-05-26,17.53,18.50,17.22,18.06,12969600,18.06
2015-05-25,17.31,17.87,16.00,17.53,13955300,17.53
2015-05-22,16.99,17.90,16.99,17.36,14805800,17.36
2015-05-21,16.60,16.98,16.52,16.75,9352200,16.75
2015-05-20,16.14,17.28,16.09,16.75,14284900,16.75
2015-05-19,15.60,16.22,15.55,16.12,9588200,16.12
2015-05-18,15.50,15.92,15.35,15.76,8915800,15.76
2015-05-15,16.20,16.30,15.28,15.75,11924100,15.75
2015-05-14,17.04,17.39,16.04,16.14,20189600,16.14
2015-05-13,15.55,17.01,15.42,17.00,24163500,17.00
2015-05-12,15.28,15.50,15.00,15.46,11506700,15.46
2015-05-11,14.29,15.35,14.20,15.31,9902900,15.31
2015-05-08,13.75,14.21,13.72,14.18,5187400,14.18
2015-05-07,13.59,13.86,13.45,13.62,3706600,13.62
2015-05-06,14.10,14.37,13.41,13.60,6280600,13.60
2015-05-05,15.19,15.19,14.15,14.15,7693100,14.15
2015-05-04,14.90,15.44,14.78,15.25,9606000,15.25
2015-05-01,14.80,14.80,14.80,14.80,000,14.80
2015-04-30,14.95,15.00,14.63,14.80,6739000,14.80
2015-04-29,14.50,15.00,14.30,14.95,5145800,14.95
2015-04-28,15.31,15.31,14.50,14.60,7039700,14.60
2015-04-27,15.23,15.78,15.10,15.31,8275200,15.31
2015-04-24,15.38,15.72,15.09,15.23,7720600,15.23
2015-04-23,15.88,15.89,15.38,15.47,11578800,15.47
2015-04-22,15.50,16.25,15.27,15.91,14917200,15.91
2015-04-21,15.15,15.86,14.75,15.65,18075100,15.65
2015-04-20,14.60,15.50,14.40,15.04,17187300,15.04
2015-04-17,14.61,14.98,14.46,14.86,13411000,14.86
2015-04-16,14.80,14.87,14.15,14.60,12520800,14.60
2015-04-15,14.00,15.04,13.75,14.95,16167100,14.95
2015-04-14,14.10,14.12,13.80,13.93,8814900,13.93
2015-04-13,13.98,14.29,13.73,14.20,9726100,14.20
2015-04-10,13.67,13.97,13.45,13.90,7266400,13.90
2015-04-09,13.94,13.95,12.98,13.70,8767200,13.70
2015-04-08,14.51,14.51,13.80,13.95,10641400,13.95
2015-04-07,14.70,14.80,14.40,14.51,8732500,14.51
2015-04-06,14.60,14.60,14.60,14.60,000,14.60
2015-04-03,14.40,14.67,14.30,14.60,6279300,14.60
2015-04-02,14.65,14.75,14.40,14.58,6564600,14.58
2015-04-01,14.40,14.75,14.15,14.65,7259400,14.65
2015-03-31,14.05,15.20,14.05,14.37,12411700,14.37
2015-03-30,13.53,14.09,13.45,14.05,10013200,14.05
2015-03-27,13.45,13.61,13.36,13.57,5536800,13.57
2015-03-26,13.33,13.70,13.32,13.57,5130700,13.57
2015-03-25,13.65,13.65,13.35,13.48,6295700,13.48
2015-03-24,14.15,14.15,13.20,13.75,9144400,13.75
2015-03-23,13.75,14.46,13.66,14.16,9363500,14.16
2015-03-20,13.70,13.85,13.52,13.73,6206200,13.73
2015-03-19,13.86,13.86,13.50,13.73,6624500,13.73
2015-03-18,13.40,14.00,13.28,13.86,10879900,13.86
2015-03-17,13.30,13.50,13.15,13.36,8244500,13.36
2015-03-16,13.17,13.40,13.12,13.28,6693200,13.28
2015-03-13,13.25,13.33,12.99,13.15,3429600,13.15
2015-03-12,12.92,13.48,12.92,13.19,6088400,13.19
2015-03-11,12.98,13.10,12.73,12.80,4770700,12.80
2015-03-10,12.98,13.50,12.81,12.98,6336800,12.98
2015-03-09,12.80,12.95,12.37,12.91,5814800,12.91
2015-03-06,13.59,13.67,12.79,12.90,8780300,12.90
2015-03-05,13.36,13.76,12.76,13.49,12547200,13.49
2015-03-04,12.95,13.63,12.80,13.37,12183000,13.37
2015-03-03,12.01,13.34,11.89,13.17,14492400,13.17
2015-03-02,11.65,12.15,11.41,12.13,10184000,12.13
2015-02-27,11.40,11.74,11.27,11.54,6253100,11.54
2015-02-26,11.33,11.86,11.28,11.55,9732200,11.55
2015-02-25,11.55,11.55,11.20,11.23,5743600,11.23
2015-02-24,11.60,11.60,11.60,11.60,000,11.60
2015-02-23,11.60,11.60,11.60,11.60,000,11.60
2015-02-20,11.60,11.60,11.60,11.60,000,11.60
2015-02-19,11.60,11.60,11.60,11.60,000,11.60
2015-02-18,11.60,11.60,11.60,11.60,000,11.60
2015-02-17,11.50,11.75,11.32,11.60,8062600,11.60
2015-02-16,11.32,11.75,11.30,11.56,14067800,11.56
2015-02-13,10.94,11.85,10.80,11.53,12371400,11.53
2015-02-12,10.90,10.96,10.75,10.89,3078700,10.89
2015-02-11,10.50,10.96,10.43,10.92,4074100,10.92
2015-02-10,10.70,10.70,10.37,10.49,2548800,10.49
2015-02-09,10.83,10.91,10.49,10.53,3059200,10.53
2015-02-06,10.98,11.15,10.72,10.90,4466600,10.90
2015-02-05,10.74,11.22,10.60,10.97,7922200,10.97
2015-02-04,10.61,10.97,10.53,10.69,4940600,10.69
2015-02-03,10.45,10.78,10.44,10.59,3706700,10.59
2015-02-02,10.30,10.65,9.85,10.50,4852400,10.50
2015-01-30,10.90,11.03,10.60,10.60,5868100,10.60
2015-01-29,10.80,11.40,10.67,10.98,13078400,10.98
2015-01-28,10.58,10.80,10.51,10.80,4803900,10.80
2015-01-27,10.79,10.87,10.48,10.69,5844800,10.69
2015-01-26,10.85,10.89,10.61,10.78,6670900,10.78
2015-01-23,10.56,10.85,10.35,10.75,7434500,10.75
2015-01-22,10.29,10.58,10.25,10.58,6049700,10.58
2015-01-21,10.23,10.46,10.09,10.38,5714500,10.38
2015-01-20,9.87,10.26,9.87,10.23,3646400,10.23
2015-01-19,10.00,10.37,9.80,9.90,4657200,9.90
2015-01-16,10.48,10.50,10.23,10.45,3198300,10.45
2015-01-15,10.20,10.52,10.07,10.48,5016800,10.48
2015-01-14,10.24,10.29,10.09,10.16,2951500,10.16
2015-01-13,10.18,10.53,10.14,10.24,4116100,10.24
2015-01-12,10.30,10.38,10.05,10.11,5403400,10.11
2015-01-09,11.00,11.41,10.61,10.61,10734500,10.61
2015-01-08,10.95,11.00,10.70,10.81,6029900,10.81
2015-01-07,10.69,11.10,10.56,10.99,8627000,10.99
2015-01-06,10.51,10.70,10.13,10.69,7128900,10.69
2015-01-05,10.38,10.85,10.37,10.56,7468600,10.56
2015-01-02,10.59,10.59,10.59,10.59,000,10.59
2015-01-01,10.59,10.59,10.59,10.59,000,10.59
2014-12-31,10.53,10.75,10.14,10.59,7749900,10.59
2014-12-30,10.97,11.04,10.46,10.61,8883500,10.61
2014-12-29,10.78,11.88,10.56,11.22,18609200,11.22
2014-12-26,10.42,11.42,10.42,11.12,18342600,11.12
2014-12-25,9.97,10.44,9.80,10.38,6388100,10.38
2014-12-24,9.82,10.00,9.73,9.99,3025600,9.99
2014-12-23,9.75,10.09,9.66,9.72,4060100,9.72
2014-12-22,10.18,10.18,9.49,9.75,7181500,9.75
2014-12-19,10.60,10.66,10.00,10.27,6426500,10.27
2014-12-18,10.60,10.98,10.56,10.66,5935200,10.66
2014-12-17,10.95,11.08,10.52,10.75,8101300,10.75
2014-12-16,11.19,11.35,10.90,11.08,10403400,11.08
2014-12-15,10.55,11.52,10.38,11.30,16212400,11.30
2014-12-12,11.00,11.08,10.48,10.63,15963000,10.63
2014-12-11,9.98,10.90,9.98,10.90,20735100,10.90
2014-12-10,9.60,9.91,9.40,9.91,4458100,9.91
2014-12-09,9.70,9.74,9.31,9.72,9297500,9.72
2014-12-08,9.52,9.94,9.48,9.71,6123000,9.71
2014-12-05,10.05,10.06,9.19,9.70,9060200,9.70
2014-12-04,10.16,10.22,10.05,10.12,5301700,10.12
2014-12-03,10.06,10.20,9.79,10.20,7136500,10.20
2014-12-02,10.15,10.30,10.01,10.11,4634300,10.11
2014-12-01,10.35,10.62,10.10,10.16,6336300,10.16
2014-11-28,10.18,10.86,10.16,10.46,11890000,10.46
2014-11-27,10.05,10.19,10.01,10.18,7599800,10.18
2014-11-26,9.67,10.55,9.54,10.17,10614700,10.17
2014-11-25,9.61,9.70,9.54,9.67,4827600,9.67
2014-11-24,9.52,10.00,9.46,9.70,11046000,9.70
2014-11-21,9.45,9.50,9.36,9.43,2138400,9.43
2014-11-20,9.37,9.58,9.36,9.45,2246200,9.45
2014-11-19,9.41,9.53,9.32,9.48,2635400,9.48
2014-11-18,9.37,9.75,9.37,9.49,5394900,9.49
2014-11-17,9.48,9.56,9.31,9.47,4616100,9.47
2014-11-14,9.60,9.60,9.29,9.54,3617800,9.54
2014-11-13,9.36,9.69,9.27,9.65,8617300,9.65
2014-11-12,9.20,9.32,9.00,9.32,2886500,9.32
2014-11-11,9.48,9.50,9.02,9.20,6489900,9.20
2014-11-10,9.39,9.84,9.37,9.50,7201400,9.50
2014-11-07,9.48,9.57,9.27,9.29,4209600,9.29
2014-11-06,9.40,9.46,9.16,9.45,3915200,9.45
2014-11-05,9.41,9.64,9.36,9.37,3977200,9.37
2014-11-04,9.64,9.64,9.31,9.43,3835100,9.43
2014-11-03,9.13,9.85,9.13,9.60,9504800,9.60
2014-10-31,8.95,9.19,8.92,9.15,6472800,9.15
2014-10-30,8.87,9.08,8.85,8.90,5744800,8.90
2014-10-29,8.69,8.85,8.66,8.80,3536600,8.80
2014-10-28,8.40,8.72,8.40,8.65,3957600,8.65
2014-10-27,8.38,8.46,8.32,8.42,2445900,8.42
2014-10-24,8.41,8.48,8.35,8.42,2933500,8.42
2014-10-23,8.56,8.75,8.39,8.42,3643900,8.42
2014-10-22,8.62,8.80,8.58,8.59,3785300,8.59
2014-10-21,8.70,8.77,8.60,8.60,2309000,8.60
2014-10-20,8.51,8.71,8.50,8.70,3583500,8.70
2014-10-17,8.88,8.94,8.41,8.51,5238500,8.51
2014-10-16,8.92,9.09,8.85,8.90,4676400,8.90
2014-10-15,8.98,9.04,8.86,8.96,4624900,8.96
2014-10-14,8.89,9.00,8.85,8.99,5450300,8.99
2014-10-13,8.79,8.92,8.69,8.89,4008800,8.89
2014-10-10,8.86,8.92,8.74,8.80,4494100,8.80
2014-10-09,9.05,9.11,8.80,8.93,7177900,8.93
2014-10-08,9.05,9.10,8.90,9.07,5991300,9.07
2014-10-07,9.09,9.09,9.09,9.09,000,9.09
2014-10-06,9.09,9.09,9.09,9.09,000,9.09
2014-10-03,9.09,9.09,9.09,9.09,000,9.09
2014-10-02,9.09,9.09,9.09,9.09,000,9.09
2014-10-01,9.09,9.09,9.09,9.09,000,9.09
2014-09-30,9.00,9.11,8.87,9.09,6644800,9.09
2014-09-29,8.93,8.96,8.82,8.96,5063400,8.96
2014-09-26,8.91,8.94,8.74,8.88,4058400,8.88
2014-09-25,9.00,9.05,8.88,8.91,6277000,8.91
2014-09-24,8.85,9.14,8.78,9.03,12194700,9.03
2014-09-23,8.85,8.87,8.67,8.87,4887500,8.87
2014-09-22,8.85,8.90,8.65,8.84,5993800,8.84
2014-09-19,8.67,8.90,8.55,8.85,7795500,8.85
2014-09-18,8.49,8.63,8.39,8.61,4532700,8.61
2014-09-17,8.26,8.50,8.26,8.48,5390300,8.48
2014-09-16,8.66,8.77,8.25,8.26,7336000,8.26
2014-09-15,8.58,8.75,8.58,8.63,5105000,8.63
2014-09-12,8.30,8.58,8.30,8.58,5961400,8.58
2014-09-11,8.26,8.54,8.25,8.30,5819000,8.30
2014-09-10,8.14,8.31,8.11,8.27,4084400,8.27
2014-09-09,8.21,8.23,8.12,8.16,3218800,8.16
2014-09-08,8.20,8.20,8.20,8.20,000,8.20
2014-09-05,8.21,8.38,8.10,8.20,4031100,8.20
2014-09-04,8.05,8.33,8.01,8.21,6102400,8.21
2014-09-03,7.98,8.09,7.95,8.03,4687200,8.03
2014-09-02,7.96,8.20,7.90,7.98,6975900,7.98
2014-09-01,7.75,7.92,7.71,7.91,3099100,7.91
2014-08-29,7.52,7.72,7.51,7.71,2802800,7.71
2014-08-28,7.58,7.71,7.51,7.52,3237200,7.52
2014-08-27,7.52,7.59,7.51,7.58,3410000,7.58
2014-08-26,7.70,7.76,7.45,7.52,4531500,7.52
2014-08-25,7.90,7.90,7.69,7.69,5155900,7.69
2014-08-22,8.07,8.21,7.90,7.90,8848500,7.90
2014-08-21,7.71,7.89,7.67,7.85,4437300,7.85
2014-08-20,7.73,7.81,7.63,7.73,3903700,7.73
2014-08-19,7.58,7.80,7.54,7.75,6042600,7.75
2014-08-18,7.47,7.59,7.43,7.59,5016200,7.59
2014-08-15,7.42,7.53,7.41,7.49,2690000,7.49
2014-08-14,7.51,7.57,7.42,7.45,4113800,7.45
2014-08-13,7.48,7.57,7.40,7.50,2481900,7.50
2014-08-12,7.46,7.53,7.40,7.48,3372300,7.48
2014-08-11,7.35,7.46,7.33,7.46,3155300,7.46
2014-08-08,7.30,7.40,7.27,7.35,1923200,7.35
2014-08-07,7.33,7.46,7.30,7.30,3412100,7.30
2014-08-06,7.28,7.35,7.24,7.35,2629700,7.35
2014-08-05,7.30,7.33,7.25,7.30,2846600,7.30
2014-08-04,7.26,7.33,7.22,7.32,3429800,7.32
2014-08-01,7.33,7.34,7.26,7.27,3705600,7.27
2014-07-31,7.35,7.36,7.27,7.34,2951500,7.34
2014-07-30,7.22,7.40,7.22,7.36,8739500,7.36
2014-07-29,7.10,7.37,7.06,7.27,8715500,7.27
2014-07-28,7.01,7.13,7.00,7.10,4644500,7.10
2014-07-25,6.91,7.03,6.90,7.01,2533800,7.01
2014-07-24,6.93,7.03,6.85,6.93,2484800,6.93
2014-07-23,6.99,7.06,6.93,6.93,2690900,6.93
2014-07-22,6.92,7.13,6.90,7.01,4924600,7.01
2014-07-21,6.92,6.97,6.86,6.92,2040600,6.92
2014-07-18,6.85,6.93,6.83,6.91,1531800,6.91
2014-07-17,6.94,7.01,6.83,6.88,3123200,6.88
2014-07-16,6.91,7.05,6.90,6.97,4706600,6.97
2014-07-15,6.95,6.95,6.89,6.91,2533000,6.91
2014-07-14,6.87,6.96,6.82,6.96,3619600,6.96
2014-07-11,6.88,6.94,6.86,6.91,2181800,6.91
2014-07-10,6.80,6.91,6.78,6.90,3166800,6.90
2014-07-09,6.93,6.99,6.79,6.80,3589200,6.80
2014-07-08,6.93,6.96,6.85,6.95,3108300,6.95
2014-07-07,6.92,6.98,6.87,6.92,4476000,6.92
2014-07-04,6.82,7.19,6.77,7.02,9771500,7.02
2014-07-03,7.10,7.10,6.79,6.87,10927600,6.87
2014-07-02,6.98,7.04,6.88,6.98,6488600,6.98
2014-07-01,7.01,7.15,6.93,6.97,5815300,6.97
2014-06-30,6.84,7.07,6.84,7.01,7019100,7.01
2014-06-27,6.69,7.05,6.69,6.84,8551200,6.84
2014-06-26,6.53,6.82,6.53,6.73,6728500,6.73
2014-06-25,6.51,6.53,6.46,6.53,1396900,6.53
2014-06-24,6.45,6.52,6.42,6.51,1564800,6.51
2014-06-23,6.52,6.52,6.44,6.47,1415500,6.47
2014-06-20,6.42,6.42,6.34,6.40,1476200,6.40
2014-06-19,6.48,6.56,6.35,6.36,1867000,6.36
2014-06-18,6.58,6.60,6.48,6.50,1163000,6.50
2014-06-17,6.60,6.66,6.56,6.58,2079500,6.58
2014-06-16,6.61,6.61,6.56,6.60,1290300,6.60
2014-06-13,6.47,6.63,6.46,6.59,2703200,6.59
2014-06-12,6.51,6.51,6.44,6.47,1133100,6.47
2014-06-11,6.48,6.52,6.46,6.52,1088400,6.52
2014-06-10,6.46,6.52,6.40,6.52,1043700,6.52
2014-06-09,6.46,6.51,6.44,6.46,934500,6.46
2014-06-06,6.52,6.52,6.40,6.48,1409100,6.48
2014-06-05,6.46,6.53,6.44,6.53,1029100,6.53
2014-06-04,6.53,6.56,6.41,6.46,1627900,6.46
2014-06-03,6.61,6.64,6.56,6.57,1087300,6.57
2014-06-02,6.62,6.62,6.62,6.62,000,6.62
2014-05-30,6.57,6.65,6.54,6.62,1008600,6.62
2014-05-29,6.67,6.67,6.56,6.57,1398100,6.57
2014-05-28,6.59,6.71,6.55,6.68,1878600,6.68
2014-05-27,6.63,6.65,6.58,6.60,1288200,6.60
2014-05-26,6.60,6.66,6.60,6.64,1592200,6.64
2014-05-23,6.52,6.62,6.52,6.62,1259400,6.62
2014-05-22,6.60,6.65,6.54,6.56,1725900,6.56
2014-05-21,6.56,6.68,6.50,6.60,1604600,6.60
2014-05-20,6.53,6.62,6.50,6.56,1473500,6.56
2014-05-19,6.48,6.52,6.36,6.51,894300,6.51
2014-05-16,6.43,6.50,6.42,6.48,687900,6.48
2014-05-15,6.56,6.58,6.43,6.43,1424600,6.43
2014-05-14,6.62,6.67,6.54,6.59,1346800,6.59
2014-05-13,6.58,6.68,6.55,6.64,1912800,6.64
2014-05-12,6.45,6.60,6.45,6.58,1641600,6.58
2014-05-09,6.40,6.50,6.38,6.46,1102900,6.46
2014-05-08,6.38,6.50,6.37,6.42,1278500,6.42
2014-05-07,6.58,6.60,6.38,6.39,2721800,6.39
2014-05-06,6.53,6.70,6.48,6.60,2313000,6.60
2014-05-05,6.53,6.55,6.44,6.53,1390200,6.53
2014-05-02,6.52,6.52,6.52,6.52,000,6.52
2014-05-01,6.52,6.52,6.52,6.52,000,6.52
2014-04-30,6.50,6.61,6.45,6.52,2300400,6.52
2014-04-29,6.36,6.48,6.33,6.48,1776600,6.45
2014-04-28,6.58,6.61,6.35,6.36,2833200,6.33056
2014-04-25,6.86,6.86,6.60,6.61,3781600,6.5794
2014-04-24,6.99,7.00,6.84,6.87,2673300,6.83819
2014-04-23,6.98,7.05,6.91,6.98,2429500,6.94769
2014-04-22,7.06,7.09,6.84,7.00,5255400,6.96759
2014-04-21,7.14,7.25,7.04,7.06,4642500,7.02731
2014-04-18,7.11,7.22,7.03,7.20,4166500,7.16667
2014-04-17,7.20,7.37,7.11,7.12,8630600,7.08704
2014-04-16,7.05,7.23,6.95,7.22,8494700,7.18657
2014-04-15,6.91,7.30,6.91,7.08,15127900,7.04722
2014-04-14,6.75,6.97,6.73,6.95,4210300,6.91782
2014-04-11,6.80,6.81,6.70,6.75,4569300,6.71875
2014-04-10,6.95,7.06,6.85,6.88,6301600,6.84815
2014-04-09,7.01,7.02,6.92,6.95,5695800,6.91782
2014-04-08,6.87,7.13,6.83,7.04,11003200,7.00741
2014-04-07,6.88,6.88,6.88,6.88,000,6.84815
2014-04-04,6.75,6.88,6.71,6.88,3683700,6.84815
2014-04-03,6.72,6.83,6.66,6.77,2869700,6.73866
2014-04-02,6.70,6.81,6.65,6.76,3004100,6.7287
2014-04-01,6.68,6.75,6.58,6.73,3242600,6.69884
2014-03-31,6.55,6.89,6.54,6.73,5952500,6.69884
2014-03-28,6.66,6.71,6.51,6.53,2414000,6.49977
2014-03-27,6.76,6.77,6.65,6.68,2496900,6.64907
2014-03-26,6.76,6.80,6.69,6.77,3348700,6.73866
2014-03-25,6.83,6.85,6.72,6.78,3856100,6.74861
2014-03-24,6.90,6.93,6.80,6.86,4633800,6.82824
2014-03-21,6.67,6.93,6.63,6.91,6817200,6.87801
2014-03-20,6.79,6.84,6.65,6.67,3647700,6.63912
2014-03-19,6.66,6.81,6.58,6.79,4138200,6.75856
2014-03-18,6.57,6.69,6.56,6.66,2150500,6.62917
2014-03-17,6.46,6.58,6.46,6.57,1672400,6.53958
2014-03-14,6.45,6.48,6.41,6.47,1503700,6.44005
2014-03-13,6.45,6.49,6.41,6.47,1470600,6.44005
2014-03-12,6.39,6.43,6.33,6.42,1164900,6.39028
2014-03-11,6.35,6.44,6.33,6.39,1549100,6.36042
2014-03-10,6.61,6.64,6.37,6.38,2290600,6.35046
2014-03-07,6.71,6.75,6.62,6.66,2222800,6.62917
2014-03-06,6.65,6.73,6.63,6.71,2043300,6.67894
2014-03-05,6.70,6.78,6.64,6.69,2871700,6.65903
2014-03-04,6.67,6.73,6.59,6.71,1982900,6.67894
2014-03-03,6.57,6.71,6.54,6.67,2195400,6.63912
2014-02-28,6.55,6.60,6.48,6.59,1506800,6.55949
2014-02-27,6.57,6.64,6.53,6.54,2110500,6.50972
2014-02-26,6.47,6.54,6.33,6.53,1891700,6.49977
2014-02-25,6.80,6.80,6.45,6.46,3028300,6.43009
2014-02-24,6.63,6.69,6.59,6.66,2354300,6.62917
2014-02-21,6.72,6.80,6.59,6.63,3086600,6.59931
2014-02-20,6.94,6.97,6.74,6.75,3521600,6.71875
2014-02-19,6.88,6.98,6.85,6.88,5231500,6.84815
2014-02-18,6.89,6.89,6.79,6.83,3622300,6.79838
2014-02-17,6.83,6.91,6.76,6.90,4904600,6.86806
2014-02-14,6.67,6.85,6.66,6.83,5753600,6.79838
2014-02-13,6.70,6.72,6.60,6.62,3532400,6.58935
2014-02-12,6.65,6.79,6.61,6.72,4558700,6.68889
2014-02-11,6.64,6.86,6.63,6.70,5630800,6.66898
2014-02-10,6.45,6.57,6.45,6.55,4019200,6.51968
2014-02-07,6.32,6.45,6.32,6.45,998800,6.42014
2014-02-06,6.39,6.39,6.39,6.39,000,6.36042
2014-02-05,6.39,6.39,6.39,6.39,000,6.36042
2014-02-03,6.39,6.39,6.39,6.39,000,6.36042
2014-01-31,6.39,6.39,6.39,6.39,000,6.36042
2014-01-30,6.41,6.42,6.36,6.39,910500,6.36042
2014-01-29,6.38,6.46,6.36,6.41,1170900,6.38032
2014-01-28,6.46,6.49,6.38,6.40,806100,6.37037
2014-01-27,6.40,6.47,6.36,6.46,2049600,6.43009
2014-01-24,6.31,6.48,6.31,6.46,2074500,6.43009
2014-01-23,6.36,6.44,6.32,6.34,1950400,6.31065
2014-01-22,6.20,6.37,6.20,6.36,1846800,6.33056
2014-01-21,6.17,6.24,6.16,6.23,1085600,6.20116
2014-01-20,6.21,6.24,6.12,6.16,1026000,6.13148
2014-01-17,6.50,6.50,6.18,6.21,3346900,6.18125
2014-01-16,6.56,6.59,6.48,6.50,1616400,6.46991
2014-01-15,6.54,6.61,6.50,6.56,969400,6.52963
2014-01-14,6.50,6.59,6.47,6.58,1159700,6.54954
2014-01-13,6.66,6.66,6.45,6.51,1607700,6.47986
2014-01-10,6.57,6.84,6.38,6.68,4245500,6.64907
2014-01-09,6.70,6.95,6.62,6.65,3901700,6.61921
2014-01-08,6.64,6.75,6.62,6.70,2254300,6.66898
2014-01-07,6.44,6.68,6.43,6.65,2135500,6.61921
2014-01-06,6.67,6.72,6.48,6.49,1338100,6.45995
2014-01-03,6.69,6.74,6.64,6.71,1841100,6.67894
2014-01-02,6.52,6.74,6.52,6.71,2963000,6.67894
2014-01-01,6.55,6.55,6.55,6.55,000,6.51968
2013-12-31,6.51,6.60,6.51,6.55,972900,6.51968
2013-12-30,6.52,6.58,6.51,6.54,910800,6.50972
2013-12-27,6.40,6.52,6.37,6.50,944900,6.46991
2013-12-26,6.57,6.57,6.40,6.40,1175000,6.37037
2013-12-25,6.54,6.59,6.49,6.57,981100,6.53958
2013-12-24,6.52,6.57,6.46,6.54,1145200,6.50972
2013-12-23,6.50,6.54,6.42,6.48,1341900,6.45
2013-12-20,6.66,6.70,6.50,6.54,1564600,6.50972
2013-12-19,6.79,6.80,6.67,6.67,1233900,6.63912
2013-12-18,6.66,6.80,6.66,6.74,1800300,6.7088
2013-12-17,6.67,6.69,6.64,6.66,1464300,6.62917
2013-12-16,6.75,6.81,6.64,6.67,1872800,6.63912
2013-12-13,6.69,6.78,6.65,6.73,1920800,6.69884
2013-12-12,6.63,6.81,6.63,6.72,2322900,6.68889
2013-12-11,6.77,6.77,6.63,6.65,2393900,6.61921
2013-12-10,6.81,6.85,6.74,6.78,2667900,6.74861
2013-12-09,6.82,6.86,6.80,6.81,1909000,6.77847
2013-12-06,6.83,6.88,6.80,6.83,1833200,6.79838
2013-12-05,6.85,6.88,6.79,6.86,2557800,6.82824
2013-12-04,6.80,6.91,6.73,6.86,3615400,6.82824
2013-12-03,6.68,6.81,6.65,6.80,2805300,6.76852
2013-12-02,7.02,7.02,6.61,6.66,5950200,6.62917
2013-11-29,7.36,7.36,7.14,7.16,6840700,7.12685
2013-11-28,7.14,7.42,7.01,7.33,8785700,7.29606
2013-11-27,6.96,7.18,6.91,7.13,5991300,7.09699
2013-11-26,6.97,7.04,6.85,6.99,3075300,6.95764
2013-11-25,6.85,7.06,6.80,6.95,4504000,6.91782
2013-11-22,6.80,6.91,6.72,6.88,4007000,6.84815
2013-11-21,6.90,6.90,6.65,6.82,4996700,6.78843
2013-11-20,6.92,6.92,6.92,6.92,000,6.88796
2013-11-19,6.80,7.00,6.77,6.92,5789200,6.88796
2013-11-18,6.81,6.87,6.72,6.84,4804000,6.80833
2013-11-15,6.55,6.85,6.55,6.74,3168100,6.7088
2013-11-14,6.51,6.57,6.43,6.57,1250600,6.53958
2013-11-13,6.65,6.66,6.50,6.52,1308900,6.48981
2013-11-12,6.54,6.72,6.53,6.69,1477300,6.65903
2013-11-11,6.48,6.57,6.48,6.53,711200,6.49977
2013-11-08,6.53,6.63,6.47,6.48,1032000,6.45
2013-11-07,6.68,6.72,6.54,6.56,1664300,6.52963
2013-11-06,6.76,6.83,6.70,6.71,1558800,6.67894
2013-11-05,6.65,6.79,6.59,6.76,1818500,6.7287
2013-11-04,6.53,6.68,6.52,6.68,1555600,6.64907
2013-11-01,6.59,6.63,6.50,6.56,1426500,6.52963
2013-10-31,6.69,6.70,6.50,6.61,1821500,6.5794
2013-10-30,6.61,6.69,6.52,6.68,1392000,6.64907
2013-10-29,6.90,6.92,6.37,6.60,2909000,6.56944
2013-10-28,6.80,6.95,6.76,6.89,3490100,6.8581
2013-10-25,6.73,6.83,6.60,6.79,4020900,6.75856
2013-10-24,6.63,6.75,6.62,6.73,2802000,6.69884
2013-10-23,6.84,6.84,6.60,6.62,3304900,6.58935
2013-10-22,6.89,6.89,6.81,6.83,3361300,6.79838
2013-10-21,6.82,6.91,6.76,6.90,3305900,6.86806
2013-10-18,6.74,6.87,6.71,6.83,3001200,6.79838
2013-10-17,6.90,6.97,6.73,6.78,4272400,6.74861
2013-10-16,7.04,7.14,6.82,6.86,5852400,6.82824
2013-10-15,7.20,7.21,7.03,7.06,5549600,7.02731
2013-10-14,7.13,7.22,7.10,7.21,5421100,7.17662
2013-10-11,7.08,7.15,7.04,7.15,5409700,7.1169
2013-10-10,7.13,7.16,6.99,7.04,5405200,7.00741
2013-10-09,7.03,7.17,7.03,7.16,5150300,7.12685
2013-10-08,7.21,7.21,6.99,7.11,5824500,7.07708
2013-10-07,7.23,7.23,7.23,7.23,000,7.19653
2013-10-04,7.23,7.23,7.23,7.23,000,7.19653
2013-10-03,7.23,7.23,7.23,7.23,000,7.19653
2013-10-02,7.23,7.23,7.23,7.23,000,7.19653
2013-10-01,7.23,7.23,7.23,7.23,000,7.19653
2013-09-30,7.15,7.33,7.15,7.23,4692500,7.19653
2013-09-27,7.49,7.53,7.17,7.18,6618600,7.14676
2013-09-26,7.65,7.69,7.36,7.47,8728300,7.43542
2013-09-25,7.90,7.92,7.66,7.66,10331000,7.62454
2013-09-24,8.10,8.44,7.93,8.05,14407400,8.01273
2013-09-23,8.10,8.15,7.91,8.14,13282200,8.10232
2013-09-20,8.16,8.16,8.16,8.16,000,8.12222
2013-09-18,7.75,8.31,7.62,8.16,21013500,8.12222
2013-09-17,7.58,7.91,7.46,7.67,15867300,7.63449
2013-09-16,7.38,7.60,7.37,7.57,9480800,7.53495
2013-09-13,7.42,7.57,7.34,7.39,5787700,7.35579
2013-09-12,7.35,7.51,7.29,7.45,6089300,7.41551
2013-09-11,7.49,7.56,7.30,7.36,8939300,7.32593
2013-09-10,7.25,7.78,7.13,7.56,14379700,7.525
2013-09-09,7.20,7.42,7.11,7.25,14620700,7.21644
2013-09-06,6.92,6.98,6.92,6.96,3479100,6.92778
2013-09-05,7.01,7.01,6.91,6.93,4220600,6.89792
2013-09-04,7.10,7.10,6.96,7.01,5405300,6.97755
2013-09-03,7.07,7.16,6.99,7.10,7662200,7.06713
2013-09-02,6.83,7.15,6.73,7.07,10107000,7.03727
2013-08-30,6.84,6.92,6.66,6.83,6222900,6.79838
2013-08-29,6.76,6.94,6.72,6.80,5067100,6.76852
2013-08-28,6.84,6.84,6.72,6.73,3908200,6.69884
2013-08-27,6.87,6.93,6.78,6.87,4460000,6.83819
2013-08-26,6.60,6.88,6.60,6.88,7963700,6.84815
2013-08-23,6.49,6.59,6.46,6.59,3984800,6.55949
2013-08-22,6.49,6.55,6.47,6.51,2627700,6.47986
2013-08-21,6.40,6.51,6.40,6.48,2225800,6.45
2013-08-20,6.45,6.50,6.40,6.44,2302600,6.41019
2013-08-19,6.39,6.47,6.36,6.47,2200900,6.44005
2013-08-16,6.58,6.66,6.41,6.41,4075800,6.38032
2013-08-15,6.67,6.67,6.55,6.57,3526900,6.53958
2013-08-14,6.75,6.76,6.63,6.66,3705000,6.62917
2013-08-13,6.69,6.75,6.68,6.75,4838000,6.71875
2013-08-12,6.62,6.69,6.61,6.67,4644300,6.63912
2013-08-09,6.55,6.63,6.51,6.63,3503500,6.59931
2013-08-08,6.56,6.59,6.49,6.55,3017100,6.51968
2013-08-07,6.65,6.67,6.55,6.57,4217300,6.53958
2013-08-06,6.62,6.73,6.50,6.65,6799800,6.61921
2013-08-05,6.43,6.66,6.40,6.62,5144000,6.58935
2013-08-02,6.42,6.52,6.41,6.43,3885500,6.40023
2013-08-01,6.36,6.44,6.32,6.42,4134400,6.39028
2013-07-31,6.36,6.42,6.34,6.36,2775500,6.33056
2013-07-30,6.24,6.38,6.19,6.35,3935800,6.3206
2013-07-29,6.37,6.37,6.21,6.27,3416900,6.24097
2013-07-26,6.58,6.64,6.32,6.37,4465700,6.34051
2013-07-25,6.78,6.79,6.56,6.58,5584200,6.54954
2013-07-24,6.72,6.81,6.64,6.78,6435500,6.74861
2013-07-23,6.53,6.74,6.52,6.74,6545300,6.7088
2013-07-22,6.60,6.64,6.45,6.54,6276100,6.50972
2013-07-19,7.02,7.11,6.60,6.66,9479200,6.62917
2013-07-18,7.02,7.19,6.95,7.05,6771000,7.01736
2013-07-17,7.36,7.37,6.98,7.02,10408800,6.9875
2013-07-16,7.24,7.36,7.21,7.34,7908000,7.30602
2013-07-15,7.40,7.42,7.21,7.24,11612300,7.20648
2013-07-12,7.40,7.49,7.36,7.41,14184000,7.35579
2013-07-11,7.83,7.84,7.25,7.56,29348500,7.50469
2013-07-10,8.36,8.58,7.90,7.90,24736800,7.8422
2013-07-09,8.28,8.85,8.07,8.38,26798900,8.31869
2013-07-08,8.15,8.76,8.02,8.38,32298200,8.31869
2013-07-05,7.69,8.14,7.57,8.08,23247400,8.02089
2013-07-04,7.62,7.88,7.60,7.70,12865400,7.64367
2013-07-03,7.86,7.86,7.56,7.64,7486300,7.5841
2013-07-02,7.87,8.08,7.71,7.81,9218500,7.75286
2013-07-01,7.59,7.98,7.45,7.86,15952500,7.8025
2013-06-28,7.40,7.90,7.36,7.53,9913700,7.47491
2013-06-27,8.09,8.44,7.55,7.68,21855300,7.62381
2013-06-26,7.93,8.35,7.80,8.05,19445600,7.99111
2013-06-25,7.21,7.95,7.06,7.91,25502100,7.85213
2013-06-24,7.42,7.52,7.17,7.23,7581400,7.1771
2013-06-21,7.45,7.78,6.86,7.44,9690800,7.38557
2013-06-20,8.02,8.05,7.61,7.61,17396800,7.55432
2013-06-19,7.85,8.22,7.79,7.98,18196300,7.92162
2013-06-18,7.59,8.18,7.45,7.96,16913800,7.90176
2013-06-17,7.67,7.75,7.60,7.64,13221600,7.5841
2013-06-14,7.45,7.94,7.40,7.69,20767700,7.63374
2013-06-13,7.10,7.70,6.93,7.51,21405600,7.45506
2013-06-12,7.15,7.15,7.15,7.15,000,7.09769
2013-06-11,7.15,7.15,7.15,7.15,000,7.09769
2013-06-10,7.15,7.15,7.15,7.15,000,7.09769
2013-06-07,6.98,7.50,6.98,7.15,19552500,7.09769
2013-06-06,7.05,7.11,6.96,6.98,6195900,6.92893
2013-06-05,6.88,7.25,6.73,7.08,19902600,7.0282
2013-06-04,6.66,7.03,6.55,6.89,14499800,6.83959
2013-06-03,6.70,6.70,6.36,6.70,4643100,6.65098
2013-05-31,6.41,6.58,6.38,6.52,3541000,6.4723
2013-05-30,6.45,6.48,6.39,6.45,2779900,6.40281
2013-05-29,6.43,6.49,6.36,6.47,4449400,6.42266
2013-05-28,6.34,6.47,6.29,6.43,7895100,6.38296
2013-05-27,6.18,6.26,6.18,6.25,3209000,6.20427
2013-05-24,6.09,6.19,6.08,6.18,3538500,6.13479
2013-05-23,6.10,6.17,6.08,6.10,2048600,6.05537
2013-05-22,6.17,6.19,6.12,6.14,1853000,6.09508
2013-05-21,6.13,6.19,6.13,6.17,2375800,6.12486
2013-05-20,6.10,6.17,6.10,6.15,2691500,6.10501
2013-05-17,6.06,6.11,6.03,6.10,2557400,6.05537
2013-05-16,6.00,6.06,5.96,6.05,1787500,6.00574
2013-05-15,5.96,6.01,5.96,6.00,1247400,5.9561
2013-05-14,6.00,6.02,5.93,5.96,1011100,5.9164
2013-05-13,6.00,6.04,5.95,6.03,1722300,5.98588
2013-05-10,5.95,6.10,5.91,6.05,2682900,6.00574
2013-05-09,5.99,5.99,5.88,5.94,1416000,5.89654
2013-05-08,5.95,6.02,5.95,5.98,1501600,5.93625
2013-05-07,5.95,5.97,5.92,5.95,1034400,5.90647
2013-05-06,5.93,6.00,5.87,5.98,1775300,5.93625
2013-05-03,5.90,6.00,5.90,5.93,1832200,5.88661
2013-05-02,6.07,6.07,5.84,5.90,1437400,5.85683
2013-05-01,6.08,6.08,6.08,6.08,000,6.03552
2013-04-30,6.08,6.08,6.08,6.08,000,6.03552
2013-04-29,6.08,6.08,6.08,6.08,000,6.03552
2013-04-26,6.37,6.40,6.06,6.08,2425800,6.03552
2013-04-25,6.52,6.54,6.30,6.35,1758000,6.30354
2013-04-24,6.34,6.53,6.34,6.51,2318500,6.46237
2013-04-23,6.43,6.45,6.32,6.41,3421100,6.3631
2013-04-22,6.34,6.41,6.33,6.41,1350500,6.3631
2013-04-19,6.20,6.53,6.20,6.46,2694000,6.41274
2013-04-18,6.16,6.21,6.13,6.20,1048400,6.15464
2013-04-17,6.23,6.23,6.13,6.18,699300,6.13479
2013-04-16,6.10,6.20,6.04,6.19,1232300,6.14471
2013-04-15,6.25,6.33,6.11,6.16,1794400,6.11493
2013-04-12,6.44,6.48,6.39,6.40,859800,6.35318
2013-04-11,6.50,6.54,6.43,6.46,1144700,6.41274
2013-04-10,6.51,6.60,6.44,6.47,1493600,6.42266
2013-04-09,6.40,6.53,6.36,6.51,1697900,6.46237
2013-04-08,6.30,6.43,6.10,6.42,2617400,6.37303
2013-04-05,6.66,6.66,6.66,6.66,000,6.61127
2013-04-04,6.66,6.66,6.66,6.66,000,6.61127
2013-04-03,6.64,6.68,6.56,6.66,1842100,6.61127
2013-04-02,6.82,6.84,6.63,6.63,2871500,6.58149
2013-04-01,6.82,6.93,6.77,6.80,2503300,6.75025
2013-03-29,6.76,6.91,6.76,6.86,2385400,6.80981
2013-03-28,6.99,7.00,6.75,6.80,3604900,6.75025
2013-03-27,7.10,7.15,7.00,7.05,5536600,6.99842
2013-03-26,6.94,7.18,6.92,7.12,7568300,7.06791
2013-03-25,6.94,7.02,6.88,6.97,3892000,6.91901
2013-03-22,6.90,6.92,6.82,6.90,1782700,6.84952
2013-03-21,6.79,6.90,6.79,6.88,3155300,6.82966
2013-03-20,6.61,6.80,6.59,6.79,2744000,6.74032
2013-03-19,6.63,6.66,6.51,6.60,1750800,6.55171
2013-03-18,6.61,6.71,6.61,6.62,1228400,6.57157
2013-03-15,6.64,6.76,6.58,6.66,1793500,6.61127
2013-03-14,6.65,6.69,6.57,6.65,1257200,6.60135
2013-03-13,6.66,6.66,6.56,6.60,1492000,6.55171
2013-03-12,6.90,6.96,6.56,6.66,3440000,6.61127
2013-03-11,6.91,6.95,6.87,6.93,1737200,6.8793
2013-03-08,7.02,7.04,6.90,6.93,2835200,6.8793
2013-03-07,6.91,7.09,6.89,6.98,7074400,6.92893
2013-03-06,6.89,6.96,6.84,6.93,4584600,6.8793
2013-03-05,6.80,6.90,6.67,6.88,4062000,6.82966
2013-03-04,6.75,6.91,6.64,6.76,4380100,6.71054
2013-03-01,6.69,6.78,6.68,6.78,2262900,6.7304
2013-02-28,6.59,6.74,6.56,6.70,2181900,6.65098
2013-02-27,6.69,6.75,6.56,6.59,1790200,6.54179
2013-02-26,6.80,6.85,6.68,6.68,1986500,6.63113
2013-02-25,6.83,6.85,6.79,6.84,1502400,6.78996
2013-02-22,6.84,6.87,6.77,6.78,1814300,6.7304
2013-02-21,6.91,6.91,6.75,6.85,4016900,6.79988
2013-02-20,6.81,6.98,6.78,6.98,3139200,6.92893
2013-02-19,7.00,7.04,6.79,6.83,3841400,6.78003
2013-02-18,7.01,7.09,6.94,7.00,5405400,6.94879
2013-02-15,6.98,6.98,6.98,6.98,000,6.92893
2013-02-14,6.98,6.98,6.98,6.98,000,6.92893
2013-02-13,6.98,6.98,6.98,6.98,000,6.92893
2013-02-12,6.98,6.98,6.98,6.98,000,6.92893
2013-02-11,6.98,6.98,6.98,6.98,000,6.92893
2013-02-08,6.88,7.00,6.82,6.98,4304700,6.92893
2013-02-07,6.89,6.91,6.75,6.90,2944500,6.84952
2013-02-06,6.85,6.95,6.81,6.89,2807700,6.83959
2013-02-05,6.89,6.90,6.70,6.90,3864200,6.84952
2013-02-04,6.82,7.12,6.79,6.94,7521400,6.88923
2013-02-01,6.68,6.85,6.62,6.83,5538400,6.78003
2013-01-31,6.71,6.73,6.61,6.70,2822400,6.65098
2013-01-30,6.57,6.72,6.55,6.71,3813300,6.66091
2013-01-29,6.55,6.64,6.52,6.57,2439600,6.52193
2013-01-28,6.39,6.53,6.38,6.51,1409400,6.46237
2013-01-25,6.34,6.40,6.32,6.37,1041800,6.3234
2013-01-24,6.55,6.65,6.30,6.35,3173100,6.30354
2013-01-23,6.58,6.64,6.46,6.55,2530600,6.50208
2013-01-22,6.76,6.76,6.59,6.62,2696600,6.57157
2013-01-21,6.69,6.82,6.65,6.76,3093500,6.71054
2013-01-18,6.66,6.77,6.60,6.67,3283900,6.6212
2013-01-17,6.72,6.79,6.61,6.63,2604700,6.58149
2013-01-16,6.65,6.77,6.58,6.75,4252300,6.70062
2013-01-15,6.54,6.73,6.52,6.68,4571000,6.63113
2013-01-14,6.34,6.56,6.32,6.54,3577500,6.49215
2013-01-11,6.58,6.69,6.37,6.39,5929200,6.34325
2013-01-10,6.48,6.52,6.42,6.48,2221300,6.43259
2013-01-09,6.46,6.53,6.39,6.44,2502500,6.39288
2013-01-08,6.39,6.48,6.36,6.46,2520900,6.41274
2013-01-07,6.32,6.40,6.27,6.39,1934400,6.34325
2013-01-04,6.46,6.47,6.30,6.31,2373800,6.26383
2013-01-03,6.46,6.46,6.46,6.46,000,6.41274
2013-01-02,6.46,6.46,6.46,6.46,000,6.41274
2013-01-01,6.46,6.46,6.46,6.46,000,6.41274
2012-12-31,6.33,6.46,6.30,6.46,3213400,6.41274
2012-12-28,6.25,6.33,6.22,6.33,1894500,6.28369
2012-12-27,6.40,6.43,6.27,6.27,2868100,6.22413
2012-12-26,6.28,6.42,6.25,6.38,3586100,6.33332
2012-12-25,6.09,6.25,6.09,6.22,3114300,6.17449
2012-12-24,6.07,6.14,6.02,6.10,1892300,6.05537
2012-12-21,6.05,6.08,5.98,6.06,2066900,6.01566
2012-12-20,6.02,6.07,5.96,6.03,1605500,5.98588
2012-12-19,6.00,6.08,6.00,6.05,1299700,6.00574
2012-12-18,6.08,6.10,6.00,6.03,2824900,5.98588
2012-12-17,6.00,6.09,6.00,6.06,2544200,6.01566
2012-12-14,5.80,6.08,5.75,6.04,3099200,5.99581
2012-12-13,5.91,5.97,5.79,5.80,2144600,5.75757
2012-12-12,5.83,5.91,5.75,5.84,1558800,5.79727
2012-12-11,5.88,5.91,5.81,5.81,1670600,5.76749
2012-12-10,5.86,5.89,5.80,5.88,1536000,5.83698
2012-12-07,5.63,5.81,5.60,5.79,2032800,5.74764
2012-12-06,5.67,5.70,5.60,5.63,1261700,5.58881
2012-12-05,5.47,5.69,5.43,5.68,2201000,5.63844
2012-12-04,5.38,5.48,5.29,5.46,1122200,5.42005
2012-12-03,5.59,5.62,5.35,5.38,984900,5.34064
2012-11-30,5.52,5.63,5.50,5.61,1344400,5.56896
2012-11-29,5.61,5.66,5.50,5.52,785800,5.47961
2012-11-28,5.81,5.81,5.61,5.63,1092300,5.58881
2012-11-27,6.08,6.10,5.81,5.83,1336400,5.78735
2012-11-26,6.07,6.17,6.03,6.05,1056600,6.00574
2012-11-23,6.03,6.12,6.02,6.03,735700,5.98588
2012-11-22,6.10,6.12,6.01,6.04,903000,5.99581
2012-11-21,6.03,6.17,5.95,6.17,1705100,6.12486
2012-11-20,6.08,6.14,6.06,6.06,804800,6.01566
2012-11-19,6.10,6.11,6.02,6.08,736900,6.03552
2012-11-16,6.12,6.15,6.03,6.09,1010800,6.04544
2012-11-15,6.39,6.39,6.06,6.13,1517500,6.08515
2012-11-14,6.51,6.54,6.37,6.41,1323700,6.3631
2012-11-13,6.52,6.65,6.48,6.54,1686500,6.49215
2012-11-12,6.50,6.59,6.50,6.54,741200,6.49215
2012-11-09,6.60,6.67,6.50,6.50,1378900,6.45244
2012-11-08,6.55,6.78,6.48,6.62,3214200,6.57157
2012-11-07,6.56,6.63,6.53,6.58,998600,6.53186
2012-11-06,6.66,6.70,6.50,6.56,1212500,6.51201
2012-11-05,6.68,6.72,6.64,6.66,1050300,6.61127
2012-11-02,6.64,6.73,6.63,6.70,1780500,6.65098
2012-11-01,6.53,6.66,6.51,6.64,1775800,6.59142
2012-10-31,6.55,6.57,6.45,6.53,1571700,6.48223
2012-10-30,6.60,6.65,6.54,6.56,1263800,6.51201
2012-10-29,6.58,6.70,6.51,6.58,962500,6.53186
2012-10-26,6.80,6.84,6.59,6.62,1629200,6.57157
2012-10-25,6.92,6.96,6.81,6.81,1344000,6.76018
2012-10-24,6.91,6.97,6.90,6.91,1806700,6.85945
2012-10-23,7.11,7.12,7.01,7.01,1459400,6.95871
2012-10-22,7.01,7.11,7.01,7.10,1436000,7.04806
2012-10-19,7.10,7.10,7.03,7.05,1578400,6.99842
2012-10-18,7.00,7.12,6.97,7.09,2970800,7.03813
2012-10-17,6.99,7.03,6.89,7.02,2021800,6.96864
2012-10-16,6.88,7.03,6.87,6.99,2159500,6.93886
2012-10-15,6.95,6.95,6.80,6.87,1464500,6.81974
2012-10-12,7.01,7.09,6.90,6.94,1948200,6.88923
2012-10-11,7.15,7.15,7.00,7.02,2535500,6.96864
2012-10-10,7.14,7.19,7.07,7.18,2877900,7.12747
2012-10-09,7.01,7.18,7.00,7.17,3173800,7.11754
2012-10-08,7.15,7.27,7.04,7.05,2912800,6.99842
2012-10-05,7.08,7.08,7.08,7.08,000,7.0282
2012-10-04,7.08,7.08,7.08,7.08,000,7.0282
2012-10-03,7.08,7.08,7.08,7.08,000,7.0282
2012-10-02,7.08,7.08,7.08,7.08,000,7.0282
2012-10-01,7.08,7.08,7.08,7.08,000,7.0282
2012-09-28,6.92,7.10,6.91,7.08,2895200,7.0282
2012-09-27,6.85,7.03,6.74,7.01,3247200,6.95871
2012-09-26,7.30,7.30,6.78,6.80,3248900,6.75025
2012-09-25,7.26,7.35,7.18,7.27,1855400,7.21681
2012-09-24,7.30,7.37,7.10,7.27,2567000,7.21681
2012-09-21,7.42,7.58,7.31,7.33,3529600,7.27637
2012-09-20,7.86,7.86,7.45,7.46,4176500,7.40542
2012-09-19,7.70,7.92,7.67,7.84,3810300,7.78264
2012-09-18,7.84,7.86,7.61,7.72,3832400,7.66352
2012-09-17,7.99,8.25,7.92,7.93,8817900,7.87198
2012-09-14,7.88,8.00,7.77,7.96,6990700,7.90176
2012-09-13,7.60,8.27,7.58,7.83,12531200,7.77271
2012-09-12,7.58,7.64,7.46,7.56,2983900,7.50469
2012-09-11,7.52,7.58,7.39,7.54,3960300,7.48484
2012-09-10,7.42,7.68,7.39,7.57,4536600,7.51462
2012-09-07,7.25,7.48,7.19,7.43,4243300,7.37564
2012-09-06,7.08,7.19,7.07,7.18,1711500,7.12747
2012-09-05,6.98,7.10,6.94,7.08,1592000,7.0282
2012-09-04,7.05,7.06,6.95,7.00,1760200,6.94879
2012-09-03,6.78,7.07,6.75,7.05,2247500,6.99842
2012-08-31,6.84,6.84,6.73,6.80,1386300,6.75025
2012-08-30,6.98,7.03,6.68,6.76,2020100,6.71054
2012-08-29,7.10,7.10,6.94,7.00,3409000,6.94879
2012-08-28,7.23,7.35,7.22,7.30,986600,7.24659
2012-08-27,7.33,7.33,7.20,7.23,1085200,7.1771
2012-08-24,7.46,7.46,7.30,7.40,1625800,7.34586
2012-08-23,7.45,7.49,7.39,7.48,1291900,7.42528
2012-08-22,7.43,7.48,7.36,7.43,1249900,7.37564
2012-08-21,7.26,7.45,7.26,7.42,1594700,7.36571
2012-08-20,7.27,7.34,7.19,7.29,950600,7.23667
2012-08-17,7.26,7.33,7.20,7.30,815400,7.24659
2012-08-16,7.26,7.35,7.25,7.26,923400,7.20688
2012-08-15,7.41,7.45,7.31,7.31,1138700,7.25652
2012-08-14,7.34,7.45,7.17,7.44,1651300,7.38557
2012-08-13,7.48,7.50,7.34,7.34,1431300,7.2863
2012-08-10,7.55,7.58,7.45,7.47,1615800,7.41535
2012-08-09,7.45,7.56,7.41,7.55,2046100,7.49476
2012-08-08,7.51,7.53,7.39,7.46,1599900,7.40542
2012-08-07,7.44,7.53,7.42,7.51,1995000,7.45506
2012-08-06,7.26,7.47,7.23,7.45,2210100,7.39549
2012-08-03,7.15,7.27,7.11,7.27,1456800,7.21681
2012-08-02,7.20,7.23,6.99,7.09,1370200,7.03813
2012-08-01,7.07,7.27,7.07,7.21,1410200,7.15725
2012-07-31,7.31,7.37,7.08,7.16,1586300,7.10762
2012-07-30,7.58,7.59,7.30,7.34,1235300,7.2863
2012-07-27,7.60,7.64,7.50,7.52,1053700,7.46498
2012-07-26,7.57,7.68,7.56,7.58,1036100,7.52454
2012-07-25,7.73,7.74,7.55,7.58,1840600,7.52454
2012-07-24,7.61,7.82,7.61,7.77,1751300,7.71315
2012-07-23,7.81,7.81,7.65,7.66,1668200,7.60396
2012-07-20,7.91,7.95,7.83,7.85,1907000,7.79257
2012-07-19,7.81,8.01,7.77,7.95,2903100,7.89184
2012-07-18,7.84,7.86,7.62,7.82,2487500,7.76279
2012-07-17,7.95,7.96,7.73,7.89,2473000,7.83228
2012-07-16,8.30,8.37,7.95,7.97,3693300,7.91169
2012-07-13,8.39,8.41,8.26,8.31,3019000,8.2492
2012-07-12,8.21,8.41,8.11,8.40,5916600,8.33854
2012-07-11,8.08,8.23,8.08,8.21,2739700,8.14993
2012-07-10,8.19,8.19,8.00,8.16,3705000,8.1003
2012-07-09,8.13,8.41,8.06,8.19,8314600,8.13008
2012-07-06,7.88,8.18,7.80,8.11,3277900,8.05067
2012-07-05,8.05,8.07,7.76,7.85,2524700,7.79257
2012-07-04,8.07,8.16,8.03,8.08,2966000,8.02089
2012-07-03,7.82,8.15,7.81,8.10,4913200,8.04074
2012-07-02,7.75,7.87,7.72,7.81,2439700,7.75286
2012-06-29,7.58,7.73,7.49,7.70,2170000,7.64367
2012-06-28,7.77,7.78,7.60,7.60,1468200,7.5444
2012-06-27,7.73,7.84,7.70,7.73,1400100,7.67345
2012-06-26,7.74,7.77,7.63,7.73,1484800,7.67345
2012-06-25,8.06,8.06,7.73,7.76,2549300,7.70323
2012-06-22,8.08,8.08,8.08,8.08,000,8.02089
2012-06-21,8.08,8.18,8.04,8.08,2626600,8.02089
2012-06-20,8.22,8.24,8.08,8.08,2017700,8.02089
2012-06-19,8.33,8.33,8.15,8.18,2479800,8.12015
2012-06-18,8.32,8.35,8.27,8.34,2192500,8.27898
2012-06-15,8.39,8.47,8.15,8.25,3780600,8.18964
2012-06-14,8.34,8.47,8.34,8.40,2650900,8.33854
2012-06-13,8.30,8.41,8.30,8.39,2669200,8.32862
2012-06-12,8.30,8.36,8.26,8.27,2063800,8.2095
2012-06-11,8.20,8.39,8.16,8.37,3046600,8.30876
2012-06-08,8.17,8.25,8.10,8.17,3125400,8.11023
2012-06-07,8.28,8.29,8.10,8.12,3061500,8.06059
2012-06-06,8.58,8.59,8.11,8.17,6247600,8.11023
2012-06-05,8.55,8.63,8.47,8.54,3475900,8.47752
2012-06-04,8.62,8.78,8.50,8.52,4603400,8.45767
2012-06-01,8.77,8.86,8.71,8.72,4827200,8.6562
2012-05-31,9.03,9.03,8.80,8.81,7910300,8.74554
2012-05-30,9.15,9.33,9.04,9.06,8571500,8.99372
2012-05-29,9.06,9.28,9.00,9.17,12528200,9.10291
2012-05-28,9.05,9.28,8.72,9.09,10932700,9.0235
2012-05-25,9.18,9.31,8.93,9.11,9372300,9.04335
2012-05-24,8.95,9.25,8.90,9.19,11138000,9.12276
2012-05-23,8.99,9.14,8.93,9.01,5429600,8.94408
2012-05-22,9.19,9.19,8.88,9.01,7519800,8.94408
2012-05-21,9.13,9.48,8.86,9.04,12856300,8.97386
2012-05-18,9.38,9.38,9.38,9.38,000,9.31137
2012-05-17,8.96,9.49,8.90,9.38,14788700,9.31137
2012-05-16,9.09,9.28,8.96,8.96,7296900,8.89445
2012-05-15,8.83,9.15,8.75,9.10,10459700,9.03342
2012-05-14,8.97,9.11,8.71,8.95,7172300,8.88452
2012-05-11,8.91,9.05,8.84,8.86,3416300,8.79518
2012-05-10,8.81,9.26,8.80,8.91,5494100,8.84481
2012-05-09,8.88,9.04,8.75,8.85,5606800,8.78525
2012-05-08,9.05,9.26,8.86,8.98,7602300,8.9143
2012-05-07,8.88,9.10,8.81,9.05,7216100,8.98379
2012-05-04,8.72,9.10,8.63,8.96,7748100,8.89445
2012-05-03,8.67,8.83,8.60,8.76,5694700,8.69591
2012-05-02,8.91,8.92,8.55,8.74,8508400,8.67606
2012-05-01,8.79,8.79,8.79,8.79,000,8.72569
2012-04-30,8.79,8.79,8.79,8.79,000,8.72569
2012-04-27,9.11,9.28,8.79,8.79,9672400,8.72569
2012-04-26,9.16,9.38,9.03,9.19,16015000,9.12276
2012-04-25,8.68,9.58,8.48,9.15,16527600,9.08306
2012-04-24,8.90,8.95,8.26,8.79,10902800,8.72569
2012-04-23,9.05,9.28,8.83,9.03,13511700,8.96393
2012-04-20,8.99,9.02,8.79,8.97,12011000,8.90437
2012-04-19,8.73,9.10,8.63,9.00,19256000,8.93415
2012-04-18,8.18,8.97,8.16,8.90,27751000,8.83489
2012-04-17,8.35,8.45,8.12,8.15,8044600,8.09037
2012-04-16,8.45,8.70,8.41,8.44,14147800,8.37825
2012-04-13,8.24,8.28,8.10,8.24,6831100,8.17971
2012-04-12,8.12,8.35,8.09,8.24,9520800,8.17971
2012-04-11,7.80,8.12,7.77,8.08,7297900,8.02089
2012-04-10,7.72,7.93,7.46,7.93,4161600,7.87198
2012-04-09,7.87,7.88,7.68,7.80,3072300,7.74293
2012-04-06,7.85,7.95,7.75,7.87,4649700,7.81242
2012-04-05,7.44,7.87,7.44,7.85,5122900,7.79257
2012-04-04,7.40,7.40,7.40,7.40,000,7.34586
2012-04-03,7.40,7.40,7.40,7.40,000,7.34586
2012-04-02,7.40,7.40,7.40,7.40,000,7.34586
2012-03-30,7.58,7.66,7.37,7.40,3293400,7.34586
2012-03-29,7.40,7.67,7.30,7.62,4793400,7.56425
2012-03-28,8.05,8.05,7.41,7.54,6554800,7.48484
2012-03-27,8.15,8.28,8.04,8.11,5694200,8.05067
2012-03-26,8.07,8.24,8.02,8.15,5464300,8.09037
2012-03-23,8.22,8.26,8.00,8.04,5735400,7.98118
2012-03-22,8.25,8.39,8.13,8.31,7259300,8.2492
2012-03-21,8.20,8.35,7.95,8.32,12376800,8.25913
2012-03-20,8.50,8.54,8.13,8.19,15526900,8.13008
2012-03-19,7.74,8.44,7.74,8.44,13360200,8.37825
2012-03-16,7.33,7.70,7.29,7.67,4977900,7.61389
2012-03-15,7.53,7.66,7.10,7.29,5877700,7.23667
2012-03-14,8.10,8.13,7.50,7.57,8241000,7.51462
2012-03-13,7.92,8.10,7.90,8.09,7233600,8.03081
2012-03-12,7.86,7.94,7.82,7.89,4092800,7.83228
2012-03-09,7.82,7.89,7.75,7.86,5065600,7.8025
2012-03-08,7.72,7.83,7.65,7.79,6281000,7.73301
2012-03-07,7.88,7.99,7.65,7.72,8493800,7.66352
2012-03-06,8.05,8.08,7.87,7.95,10434400,7.89184
2012-03-05,8.04,8.15,7.91,7.98,12521000,7.92162
2012-03-02,7.93,8.27,7.82,8.00,16498000,7.94147
2012-03-01,7.90,8.05,7.81,7.94,5541200,7.88191
2012-02-29,7.90,8.10,7.77,7.98,11357000,7.92162
2012-02-28,7.70,7.94,7.61,7.82,8472700,7.76279
2012-02-27,7.53,8.07,7.53,7.75,16772400,7.6933
2012-02-24,7.43,7.55,7.36,7.55,6309400,7.49476
2012-02-23,7.25,7.48,7.25,7.42,8513500,7.36571
2012-02-22,7.18,7.33,7.13,7.31,5593100,7.25652
2012-02-21,7.12,7.21,7.05,7.18,3520900,7.12747
2012-02-20,7.28,7.42,7.15,7.16,6267000,7.10762
2012-02-17,7.40,7.60,7.05,7.20,11970900,7.14732
2012-02-16,7.04,7.27,7.01,7.27,8239500,7.21681
2012-02-15,7.11,7.30,7.02,7.10,11090600,7.04806
2012-02-14,6.88,7.10,6.86,7.10,5422800,7.04806
2012-02-13,6.70,6.97,6.61,6.94,5882700,6.88923
2012-02-10,6.71,6.84,6.70,6.78,4860900,6.7304
2012-02-09,6.65,6.83,6.65,6.70,4297200,6.65098
2012-02-08,6.53,6.70,6.45,6.69,3788100,6.64105
2012-02-07,6.67,6.68,6.45,6.53,3089000,6.48223
2012-02-06,6.46,6.70,6.45,6.70,4944700,6.65098
2012-02-03,6.63,6.66,6.42,6.51,4438700,6.46237
2012-02-02,6.27,6.27,6.27,6.27,000,6.22413
2012-02-01,6.39,6.42,6.25,6.27,1298600,6.22413
2012-01-31,6.40,6.42,6.30,6.37,1244100,6.3234
2012-01-30,6.58,6.58,6.41,6.41,1759900,6.3631
2012-01-27,6.54,6.54,6.54,6.54,000,6.49215
2012-01-26,6.54,6.54,6.54,6.54,000,6.49215
2012-01-25,6.54,6.54,6.54,6.54,000,6.49215
2012-01-24,6.54,6.54,6.54,6.54,000,6.49215
2012-01-23,6.54,6.54,6.54,6.54,000,6.49215
2012-01-20,6.43,6.58,6.43,6.54,2400700,6.49215
2012-01-19,6.25,6.43,6.20,6.42,1903600,6.37303
2012-01-18,6.40,6.51,6.28,6.31,2708900,6.26383
2012-01-17,6.00,6.40,5.98,6.39,2416500,6.34325
2012-01-16,6.13,6.24,6.00,6.00,1557300,5.9561
2012-01-13,6.52,6.59,6.16,6.21,2763900,6.16457
2012-01-12,6.56,6.64,6.48,6.53,2549600,6.48223
2012-01-11,6.48,6.64,6.44,6.56,4190400,6.51201
2012-01-10,6.18,6.49,6.15,6.45,3343400,6.40281
2012-01-09,5.91,6.18,5.83,6.18,1864900,6.13479
2012-01-06,5.79,5.92,5.74,5.90,1302100,5.85683
2012-01-05,6.18,6.18,5.84,5.87,2011900,5.82705
2012-01-04,6.48,6.52,6.20,6.21,1803000,6.16457
2012-01-03,6.36,6.44,6.32,6.42,2260100,6.37303
2012-01-02,6.36,6.44,6.32,6.42,2260100,6.37303
2011-12-30,6.36,6.44,6.32,6.42,2260100,6.37303
2011-12-29,6.26,6.47,6.20,6.36,3561100,6.31347
2011-12-28,6.34,6.34,5.95,6.33,2408200,6.28369
2011-12-27,6.48,6.62,6.36,6.36,1448200,6.31347
2011-12-26,6.52,6.73,6.43,6.55,2155900,6.50208
2011-12-23,6.35,6.60,6.35,6.51,1787800,6.46237
2011-12-22,6.38,6.47,6.11,6.42,1352700,6.37303
2011-12-21,6.75,6.76,6.40,6.41,1014900,6.3631
2011-12-20,6.67,6.79,6.61,6.64,1365700,6.59142
2011-12-19,6.53,6.74,6.41,6.70,1453000,6.65098
2011-12-16,6.34,6.59,6.30,6.57,1219700,6.52193
2011-12-15,6.50,6.50,6.25,6.29,1636300,6.24398
2011-12-14,6.63,6.78,6.50,6.54,1181900,6.49215
2011-12-13,7.08,7.08,6.69,6.70,1529000,6.65098
2011-12-12,7.11,7.17,7.08,7.09,729400,7.03813
2011-12-09,7.17,7.25,7.08,7.14,951500,7.08776
2011-12-08,7.20,7.30,7.08,7.23,1155800,7.1771
2011-12-07,7.14,7.26,7.13,7.19,891300,7.1374
2011-12-06,7.12,7.18,7.04,7.13,1316200,7.07784
2011-12-05,7.49,7.49,7.10,7.12,1575700,7.06791
2011-12-02,7.65,7.72,7.43,7.43,2129400,7.37564
2011-12-01,7.86,7.94,7.70,7.71,3270600,7.65359
2011-11-30,8.12,8.14,7.51,7.61,4065900,7.55432
2011-11-29,7.93,8.13,7.88,8.13,3396000,8.07052
2011-11-28,7.83,7.90,7.78,7.84,1469300,7.78264
2011-11-25,7.98,8.06,7.85,7.85,2212000,7.79257
2011-11-24,7.83,8.07,7.77,8.04,3103800,7.98118
2011-11-23,7.94,8.18,7.94,8.02,4945700,7.96132
2011-11-22,7.90,7.95,7.78,7.89,2008700,7.83228
2011-11-21,7.87,7.98,7.73,7.98,2409300,7.92162
2011-11-18,8.10,8.11,7.85,7.88,4256300,7.82235
2011-11-17,8.44,8.49,8.15,8.21,5379800,8.14993
2011-11-16,8.82,8.96,8.37,8.41,15889300,8.34847
2011-11-15,8.30,8.56,8.23,8.55,8239100,8.48745
2011-11-14,8.15,8.35,8.07,8.30,6079500,8.23928
2011-11-11,7.96,8.23,7.95,8.06,4821500,8.00103
2011-11-10,8.00,8.10,7.93,7.94,3688800,7.88191
2011-11-09,7.90,8.09,7.85,8.09,4310500,8.03081
2011-11-08,7.93,8.06,7.82,7.85,2820700,7.79257
2011-11-07,8.00,8.10,7.86,7.95,3873500,7.89184
2011-11-04,8.14,8.39,7.95,8.08,7225200,8.02089
2011-11-03,7.91,8.10,7.82,8.01,7199300,7.9514
2011-11-02,7.65,7.88,7.58,7.88,6028300,7.82235
2011-11-01,7.55,7.89,7.53,7.80,6208900,7.74293
2011-10-31,7.56,7.67,7.48,7.60,3571200,7.5444
2011-10-28,7.39,7.59,7.37,7.55,4347600,7.49476
2011-10-27,7.29,7.45,7.23,7.32,3077600,7.26645
2011-10-26,7.17,7.42,7.16,7.27,3976500,7.21681
2011-10-25,7.05,7.28,6.95,7.24,3440200,7.18703
2011-10-24,7.04,7.09,6.69,7.05,4428100,6.99842
2011-10-21,7.21,7.27,6.99,7.01,1597900,6.95871
2011-10-20,7.59,7.59,7.15,7.19,2649900,7.1374
2011-10-19,7.60,7.68,7.54,7.59,1771400,7.53447
2011-10-18,7.87,7.88,7.58,7.58,2651100,7.52454
2011-10-17,7.96,8.07,7.88,7.93,2159600,7.87198
2011-10-14,8.10,8.13,7.87,7.99,3303600,7.93154
2011-10-13,7.95,8.18,7.92,8.10,4080100,8.04074
2011-10-12,7.65,8.00,7.60,7.97,3301000,7.91169
2011-10-11,8.00,8.07,7.58,7.71,1884700,7.65359
2011-10-10,7.85,7.99,7.75,7.85,1755400,7.79257
2011-09-30,8.20,8.36,7.61,7.96,3494200,7.90176
2011-09-29,8.91,9.09,8.21,8.27,4054000,8.2095
2011-09-28,9.30,9.37,9.00,9.09,2167300,9.0235
2011-09-27,9.45,9.54,9.12,9.23,2334500,9.16247
2011-09-26,9.35,9.59,9.29,9.40,1933700,9.33123
2011-09-23,9.21,9.44,9.21,9.35,1861300,9.28159
2011-09-22,9.61,9.75,9.46,9.46,2501800,9.39079
2011-09-21,9.50,9.78,9.39,9.76,2925500,9.68859
2011-09-20,9.36,9.52,9.30,9.45,1608600,9.38086
2011-09-19,9.75,9.75,9.35,9.38,2255800,9.31137
2011-09-16,9.87,9.88,9.74,9.76,1997400,9.68859
2011-09-15,9.80,9.93,9.73,9.76,2205100,9.68859
2011-09-14,9.63,9.76,9.54,9.76,1912200,9.68859
2011-09-13,9.65,9.70,9.55,9.61,1787400,9.53969
2011-09-09,9.88,10.04,9.74,9.83,2207500,9.75808
2011-09-08,9.95,9.99,9.83,9.90,3449000,9.82757
2011-09-07,9.58,9.92,9.57,9.89,3668100,9.81764
2011-09-06,9.50,9.63,9.45,9.52,2289000,9.45035
2011-09-05,9.92,9.92,9.51,9.62,3822800,9.54962
2011-09-02,10.27,10.36,9.99,10.13,4093400,10.05589
2011-09-01,10.43,10.59,10.23,10.27,4249300,10.19486
2011-08-31,10.45,10.46,10.18,10.36,3432100,10.2842
2011-08-30,10.73,10.76,10.36,10.36,7098800,10.2842
2011-08-29,10.55,10.74,10.46,10.65,12578800,10.57208
2011-08-26,10.35,10.68,10.30,10.47,7645600,10.3934
2011-08-25,10.28,10.38,10.10,10.34,6144600,10.26435
2011-08-24,10.10,10.39,10.05,10.30,7441800,10.22464
2011-08-23,10.02,10.12,9.86,10.05,3179000,9.97647
2011-08-22,10.18,10.28,9.95,9.98,4586300,9.90698
2011-08-19,10.21,10.48,9.94,10.07,8047300,9.99633
2011-08-18,10.16,10.47,10.08,10.42,8044800,10.34377
2011-08-17,9.97,10.25,9.91,10.15,3515900,10.07574
2011-08-16,10.10,10.18,9.96,9.98,3614700,9.90698
2011-08-15,9.88,10.15,9.85,10.08,3847200,10.00625
2011-08-12,9.75,10.00,9.71,9.88,4467900,9.80772
2011-08-11,9.15,9.77,9.03,9.73,5072900,9.65881
2011-08-10,9.40,9.58,9.34,9.37,3582400,9.30145
2011-08-09,8.96,9.30,8.60,9.21,3759600,9.14262
2011-08-08,9.90,10.05,9.10,9.25,5107200,9.18233
2011-08-05,9.95,10.29,9.66,10.10,3262800,10.02611
2011-08-04,10.26,10.37,10.25,10.36,2207600,10.2842
2011-08-03,10.12,10.39,10.12,10.24,2138000,10.16508
2011-08-02,10.40,10.40,10.04,10.28,2367400,10.20479
2011-08-01,10.41,10.54,10.30,10.44,2175500,10.36362
2011-07-29,10.51,10.70,10.31,10.47,2963400,10.3934
2011-07-28,10.30,10.67,10.22,10.60,3455600,10.52245
2011-07-27,10.24,10.48,10.10,10.46,3309300,10.38347
2011-07-26,10.30,10.34,10.05,10.25,3384300,10.17501
2011-07-25,11.10,11.19,10.12,10.25,6505400,10.17501
2011-07-22,11.12,11.45,11.11,11.22,4210900,11.13791
2011-07-21,11.33,11.42,11.08,11.10,4197100,11.01879
2011-07-20,11.30,11.46,11.21,11.33,3816900,11.24711
2011-07-19,11.45,11.45,11.17,11.23,4951800,11.14784
2011-07-18,11.82,11.85,11.42,11.52,6965100,11.43572
2011-07-15,11.66,11.85,11.50,11.73,7926100,11.64418
2011-07-14,11.48,11.95,11.40,11.74,11504500,11.65411
2011-07-13,11.40,11.54,11.25,11.48,8091700,11.39601
2011-07-12,11.57,12.00,11.31,11.36,17264700,11.25703
2011-07-11,10.99,11.16,10.84,11.12,5368400,11.01921
2011-07-08,10.83,11.07,10.80,11.03,4960700,10.93002
2011-07-07,11.00,11.10,10.80,10.89,6364800,10.79129
2011-07-06,11.15,11.17,10.89,11.05,7147200,10.94984
2011-07-05,11.00,11.38,10.89,11.18,8159000,11.07867
2011-07-04,10.89,11.20,10.83,11.07,9173200,10.96966
2011-07-01,10.69,11.28,10.58,10.83,13350200,10.73184
2011-06-30,10.14,10.99,10.14,10.70,11939900,10.60302
2011-06-29,10.17,10.28,10.01,10.04,4327300,9.949
2011-06-28,10.25,10.31,9.99,10.18,5120900,10.08773
2011-06-27,10.02,10.38,10.02,10.25,6001900,10.1571
2011-06-24,9.70,10.07,9.70,9.99,5754600,9.89945
2011-06-23,9.48,9.77,9.43,9.70,3009900,9.61208
2011-06-22,9.59,9.68,9.49,9.54,1749500,9.45353
2011-06-21,9.46,9.63,9.44,9.58,2576900,9.49317
2011-06-20,9.49,9.54,9.30,9.37,1996200,9.28507
2011-06-17,9.75,9.88,9.50,9.51,3364900,9.4238
2011-06-16,10.18,10.18,9.81,9.82,3698700,9.73099
2011-06-15,10.28,10.43,10.20,10.25,5419800,10.1571
2011-06-14,10.33,10.47,10.18,10.26,6484800,10.167
2011-06-13,10.20,10.38,10.02,10.25,5578700,10.1571
2011-06-10,9.66,10.49,9.65,10.40,9373900,10.30574
2011-06-09,10.12,10.20,9.71,9.75,4706100,9.66163
2011-06-08,10.18,10.18,9.92,10.13,4176900,10.03818
2011-06-07,9.91,10.34,9.84,10.19,6312600,10.09764
2011-06-03,9.74,9.99,9.71,9.91,4407100,9.82018
2011-06-02,9.60,9.86,9.32,9.83,4407900,9.7409
2011-06-01,9.55,9.81,9.48,9.75,4181900,9.66163
2011-05-31,9.35,9.55,9.30,9.54,3206800,9.45353
2011-05-30,9.40,9.55,9.25,9.27,3129700,9.18598
2011-05-27,9.92,9.94,9.38,9.45,4148000,9.36435
2011-05-26,10.05,10.15,9.82,9.82,3425800,9.73099
2011-05-25,10.05,10.23,9.91,9.97,4008800,9.87963
2011-05-24,10.20,10.31,9.88,10.12,5564900,10.02827
2011-05-23,11.28,11.29,10.36,10.36,7619700,10.2661
2011-05-20,11.40,11.49,11.18,11.28,4928300,11.17776
2011-05-19,11.49,11.95,11.38,11.49,11619500,11.38586
2011-05-17,11.37,11.44,11.10,11.20,4632000,11.09848
2011-05-16,11.44,11.66,11.30,11.43,7262000,11.3264
2011-05-13,11.06,11.45,11.06,11.43,7614600,11.3264
2011-05-12,11.40,11.45,11.11,11.13,6408100,11.02912
2011-05-11,11.37,11.65,11.17,11.50,9335400,11.39577
2011-05-10,11.30,11.40,11.07,11.40,7437100,11.29667
2011-05-09,11.27,11.36,11.15,11.32,8673100,11.2174
2011-05-06,11.85,11.85,11.02,11.31,12145600,11.20749
2011-05-05,12.41,12.79,12.09,12.11,9824800,12.00024
2011-05-04,12.45,12.98,12.31,12.47,11423100,12.35697
2011-05-03,12.77,13.00,12.00,12.72,14070500,12.60471
2011-04-29,12.92,13.39,12.04,12.78,13072700,12.66416
2011-04-28,14.90,15.25,13.36,13.38,18635500,13.25873
2011-04-27,14.69,14.98,14.29,14.84,17041200,14.70549
2011-04-26,15.37,15.40,13.83,14.81,17952000,14.67576
2011-04-25,15.01,15.80,15.00,15.37,22343000,15.23069
2011-04-22,14.39,15.45,14.20,14.98,17895400,14.84422
2011-04-21,14.47,14.49,14.06,14.41,5977500,14.27939
2011-04-20,14.30,14.58,14.25,14.30,5191100,14.17039
2011-04-19,14.61,14.77,14.16,14.18,7097800,14.05147
2011-04-18,14.68,15.10,14.35,14.89,9394800,14.75504
2011-04-15,14.90,14.90,14.28,14.73,7646000,14.59649
2011-04-14,15.30,15.30,14.80,14.90,8328100,14.76495
2011-04-13,14.72,15.36,14.65,15.21,14141100,15.07214
2011-04-12,14.76,15.11,14.62,14.81,10206500,14.67576
2011-04-11,14.29,14.94,14.29,14.80,13609700,14.66585
2011-04-08,14.29,14.38,13.92,14.10,6305700,13.9722
2011-04-07,14.50,14.58,14.24,14.33,4847200,14.20011
2011-04-06,14.28,14.51,14.10,14.44,8570600,14.30912
2011-04-01,13.85,14.43,13.80,14.35,11431500,14.21993
2011-03-31,13.85,14.00,13.42,13.90,7393600,13.77401
2011-03-30,13.04,14.33,12.95,13.99,14028000,13.8632
2011-03-29,13.21,13.21,12.90,13.06,4095100,12.94163
2011-03-28,13.41,13.50,13.13,13.21,4893900,13.09027
2011-03-25,13.33,13.51,13.24,13.39,3510600,13.26863
2011-03-24,13.68,13.68,13.23,13.34,5018800,13.21909
2011-03-23,13.68,13.72,13.50,13.68,3471300,13.55601
2011-03-22,13.50,13.70,13.37,13.68,4515900,13.55601
2011-03-21,13.21,13.56,13.08,13.45,5484500,13.32809
2011-03-18,13.11,13.27,13.00,13.16,3936200,13.04072
2011-03-17,13.85,13.85,12.94,13.01,10002400,12.89208
2011-03-16,14.00,14.06,13.76,13.96,4800100,13.83347
2011-03-15,13.78,13.94,13.50,13.93,7093400,13.80374
2011-03-14,13.91,14.05,13.51,13.67,8700800,13.5461
2011-03-11,14.54,14.76,14.08,14.09,6880500,13.96229
2011-03-10,14.24,14.70,14.24,14.54,6378300,14.40821
2011-03-09,14.46,14.58,14.16,14.35,6671800,14.21993
2011-03-08,14.49,14.85,14.40,14.48,5824900,14.34875
2011-03-07,14.60,14.77,14.16,14.47,7136400,14.33885
2011-03-04,14.56,14.84,14.32,14.60,6547300,14.46767
2011-03-03,15.15,15.52,14.54,14.66,14247300,14.52712
2011-03-02,15.07,15.80,14.62,15.53,13250100,15.38924
2011-03-01,14.50,15.90,14.36,15.27,17865100,15.13159
2011-02-28,14.30,14.87,13.83,14.51,15156900,14.37848
2011-02-25,13.80,14.30,13.57,14.20,10648300,14.07129
2011-02-24,13.70,14.10,13.59,13.90,7886900,13.77401
2011-02-23,13.72,14.08,13.52,13.77,8763600,13.64519
2011-02-22,14.30,14.38,13.50,13.79,16523500,13.66501
2011-02-21,13.88,14.93,13.61,14.51,21889300,14.37848
2011-02-18,13.89,14.25,13.56,13.99,16278800,13.8632
2011-02-17,13.96,14.58,13.86,14.07,20523000,13.94247
2011-02-16,13.90,14.48,13.45,14.18,31882000,14.05147
2011-02-15,12.10,13.37,12.06,13.37,15628200,13.24882
2011-02-14,12.39,12.85,12.02,12.15,14162900,12.03987
2011-02-11,11.98,12.30,11.82,12.30,11432000,12.18851
2011-02-10,11.48,12.15,11.42,12.07,10849300,11.9606
2011-02-09,11.02,11.65,11.02,11.56,6408100,11.45522
2011-02-01,11.25,11.44,11.12,11.18,4681600,11.07867
2011-01-31,10.80,11.27,10.69,11.24,4697900,11.13812
2011-01-28,10.77,10.84,10.62,10.80,2679700,10.70211
2011-01-27,10.61,10.85,10.51,10.79,3613800,10.6922
2011-01-26,10.38,10.73,10.36,10.67,2971700,10.57329
2011-01-25,10.47,10.53,10.21,10.35,2391400,10.25619
2011-01-24,10.45,10.65,10.00,10.47,4555500,10.3751
2011-01-21,10.22,10.65,10.22,10.38,2773500,10.28592
2011-01-20,10.88,11.04,10.32,10.37,4422400,10.27601
2011-01-19,10.48,10.93,10.35,10.88,4349300,10.78138
2011-01-18,10.48,10.63,10.11,10.48,3445400,10.38501
2011-01-17,10.98,11.27,10.39,10.49,5821600,10.39492
2011-01-14,11.15,11.19,10.72,11.05,3720000,10.94984
2011-01-13,10.89,11.29,10.88,11.12,4455600,11.01921
2011-01-12,11.20,11.38,10.75,10.87,8420700,10.77148
2011-01-11,11.50,12.18,11.23,11.32,11868300,11.2174
2011-01-10,11.25,11.80,11.25,11.60,7672200,11.49486
2011-01-07,11.21,11.49,11.03,11.25,4056700,11.14803
2011-01-06,11.52,11.62,11.20,11.22,4111100,11.1183
2011-01-05,11.24,11.67,11.22,11.51,5044600,11.40567
2011-01-04,11.30,11.38,11.18,11.31,4312400,11.20749
2010-12-31,10.92,11.28,10.90,11.25,3907800,11.14803
2010-12-30,10.78,11.03,10.61,10.97,3552200,10.87057
2010-12-29,10.46,10.75,10.46,10.72,3299700,10.62284
2010-12-28,10.90,11.04,10.40,10.46,5615800,10.36519
2010-12-27,11.32,11.48,10.93,11.07,7934600,10.96966
2010-12-24,11.75,11.98,11.03,11.32,9378900,11.2174
2010-12-23,12.06,12.47,11.79,11.83,11894000,11.72277
2010-12-22,11.49,12.10,11.30,12.10,9681500,11.99033
2010-12-21,11.45,11.66,11.25,11.50,4572400,11.39577
2010-12-20,11.55,11.99,11.00,11.45,8405800,11.34622
2010-12-17,11.21,11.66,11.06,11.49,6973900,11.38586
2010-12-16,11.04,11.19,10.90,11.15,4583300,11.04894
2010-12-15,11.44,11.52,11.05,11.08,6198700,10.97957
2010-12-14,11.31,11.55,11.12,11.46,8035300,11.35613
2010-12-13,11.25,11.60,11.16,11.41,9382300,11.30658
2010-12-10,10.70,11.35,10.62,11.25,10029500,11.14803
2010-12-09,10.58,10.99,10.53,10.73,7239200,10.63274
2010-12-08,10.60,10.75,10.49,10.66,4286600,10.56338
2010-12-07,10.18,10.58,10.00,10.58,4797800,10.4841
2010-12-06,10.28,10.36,10.07,10.23,2444400,10.13728
2010-12-03,10.39,10.44,10.09,10.27,2358700,10.17691
2010-12-02,10.34,10.58,10.32,10.39,3372100,10.29583
2010-12-01,10.19,10.39,10.07,10.22,2778600,10.12737
2010-11-30,10.63,10.73,10.00,10.28,6038000,10.18682
2010-11-29,10.63,10.90,10.50,10.73,4989700,10.63274
2010-11-26,10.89,10.98,10.47,10.62,7791200,10.52374
2010-11-25,10.90,11.40,10.81,10.94,11374300,10.84084
2010-11-24,10.65,11.20,10.55,10.86,11569500,10.76157
2010-11-23,10.70,11.25,10.51,10.91,16335900,10.81111
2010-11-22,10.08,10.45,10.00,10.45,7180900,10.35528
2010-11-19,9.93,10.28,9.84,10.16,5914500,10.06791
2010-11-18,10.00,10.09,9.52,9.85,9975300,9.76072
2010-11-17,10.15,11.15,9.98,10.24,12864800,10.14719
2010-11-16,11.12,11.39,10.18,10.19,10487900,10.09764
2010-11-15,10.60,11.47,10.51,11.31,11396900,11.20749
2010-11-12,10.60,10.95,10.42,10.47,10221200,10.3751
2010-11-11,10.91,11.20,10.68,10.70,9350400,10.60302
2010-11-10,11.26,11.39,10.90,10.98,9455300,10.88048
2010-11-09,11.68,11.68,11.14,11.40,11255400,11.29667
2010-11-08,11.37,11.76,10.91,11.35,13463800,11.24713
2010-11-05,10.59,11.77,10.49,11.30,23114400,11.19758
2010-11-04,9.89,10.82,9.71,10.70,15002900,10.60302
2010-11-03,9.48,9.90,9.33,9.87,9646100,9.78054
2010-11-02,9.30,9.96,9.30,9.57,12717700,9.48326
2010-11-01,9.09,9.45,9.08,9.27,6965500,9.18598
2010-10-29,8.72,9.12,8.72,9.05,4293500,8.96797
2010-10-28,8.72,9.10,8.72,8.90,5395700,8.81933
2010-10-27,8.68,8.96,8.63,8.79,5732300,8.71033
2010-10-26,8.64,8.80,8.48,8.76,5775900,8.6806
2010-10-25,8.53,8.74,8.52,8.63,4094400,8.55178
2010-10-22,8.46,8.62,8.42,8.52,3697200,8.44278
2010-10-21,8.49,8.57,8.35,8.44,2956900,8.3635
2010-10-20,8.36,8.59,8.14,8.50,7238600,8.42296
2010-10-19,8.27,8.60,8.20,8.50,2846700,8.42296
2010-10-18,8.29,8.30,7.92,8.28,3708100,8.20495
2010-10-15,8.26,8.50,8.18,8.23,3895800,8.1554
2010-10-14,8.59,8.59,8.25,8.27,4248500,8.19504
2010-10-13,8.86,8.88,8.63,8.71,3078100,8.63105
2010-10-12,8.99,8.99,8.70,8.86,3904200,8.77969
2010-10-11,9.13,9.13,8.85,8.98,5420400,8.89861
2010-10-08,8.82,9.22,8.82,9.20,5465400,9.11661
2010-10-07,8.80,8.80,8.80,8.80,000,8.72024
2010-10-06,8.80,8.80,8.80,8.80,000,8.72024
2010-10-05,8.80,8.80,8.80,8.80,000,8.72024
2010-10-04,8.80,8.80,8.80,8.80,000,8.72024
2010-10-01,8.80,8.80,8.80,8.80,000,8.72024
2010-09-30,8.63,8.82,8.60,8.80,2635400,8.72024
2010-09-29,8.67,8.75,8.58,8.67,2234600,8.59142
2010-09-28,8.82,8.84,8.64,8.70,2639700,8.62114
2010-09-27,8.63,8.88,8.62,8.81,2456600,8.73015
2010-09-24,8.64,8.64,8.64,8.64,000,8.56169
2010-09-23,8.64,8.64,8.64,8.64,000,8.56169
2010-09-22,8.64,8.64,8.64,8.64,000,8.56169
2010-09-21,8.63,8.68,8.46,8.64,2392600,8.56169
2010-09-20,8.78,8.82,8.50,8.60,3457700,8.52205
2010-09-17,8.60,8.88,8.60,8.73,3620900,8.65087
2010-09-16,8.88,8.98,8.50,8.58,4637100,8.50223
2010-09-15,9.29,9.29,8.98,8.99,3619000,8.90852
2010-09-14,9.30,9.31,9.16,9.30,4357100,9.21571
2010-09-13,8.99,9.28,8.95,9.28,5829500,9.19589
2010-09-10,8.99,9.15,8.68,8.99,4525100,8.90852
2010-09-09,9.18,9.25,9.00,9.03,6092300,8.94815
2010-09-08,9.16,9.16,9.16,9.16,000,9.07697
2010-09-07,9.07,9.16,8.90,9.16,4993200,9.07697
2010-09-06,8.98,9.28,8.98,9.07,8265100,8.98779
2010-09-03,8.84,8.93,8.72,8.89,4748800,8.80942
2010-09-02,8.79,8.86,8.72,8.82,4614000,8.74006
2010-09-01,8.90,8.90,8.52,8.76,4987300,8.6806
2010-08-31,8.69,8.94,8.60,8.91,5964200,8.82924
2010-08-30,8.69,9.05,8.58,8.70,8679500,8.62114
2010-08-27,8.53,8.70,8.47,8.65,3896200,8.5716
2010-08-26,8.33,8.66,8.27,8.58,8042600,8.50223
2010-08-25,8.33,8.41,8.18,8.35,5925100,8.27432
2010-08-24,8.22,8.49,8.19,8.39,5738300,8.31395
2010-08-23,8.15,8.40,8.10,8.29,5954400,8.21486
2010-08-20,8.12,8.18,8.01,8.17,4222300,8.09595
2010-08-19,8.30,8.30,8.05,8.15,5336000,8.07613
2010-08-18,8.00,8.43,7.95,8.28,7806500,8.20495
2010-08-17,8.09,8.09,7.91,8.00,4602400,7.92749
2010-08-16,7.90,8.04,7.80,8.02,5307800,7.94731
2010-08-13,7.73,7.88,7.55,7.87,4366200,7.79867
2010-08-12,7.78,8.06,7.66,7.73,5555800,7.65994
2010-08-11,7.53,7.94,7.53,7.81,4434400,7.73921
2010-08-10,7.95,8.00,7.64,7.64,5386500,7.57075
2010-08-09,7.99,8.14,7.89,7.93,5151200,7.85812
2010-08-06,7.77,8.09,7.69,7.98,7262000,7.90767
2010-08-05,7.75,7.98,7.65,7.77,9229400,7.69957
2010-08-04,7.38,7.86,7.38,7.83,12290300,7.75903
2010-08-03,7.38,7.55,7.33,7.36,7421800,7.29329
2010-08-02,7.30,7.41,7.25,7.39,6363200,7.32302
2010-07-30,7.38,7.39,7.17,7.31,5297900,7.24374
2010-07-29,7.31,7.35,7.24,7.35,4823900,7.28338
2010-07-28,7.13,7.35,7.05,7.30,6001200,7.23383
2010-07-27,7.45,7.72,7.23,7.23,11577700,7.16447
2010-07-26,7.05,7.29,7.00,7.21,6613500,7.14465
2010-07-23,7.01,7.10,6.86,7.02,3880500,6.95637
2010-07-22,6.98,7.03,6.90,7.00,3696200,6.93655
2010-07-21,6.95,7.05,6.86,6.95,4792200,6.88701
2010-07-20,6.80,6.97,6.80,6.95,4808800,6.88701
2010-07-19,6.58,6.85,6.52,6.82,2509700,6.75818
2010-07-16,6.62,6.68,6.40,6.65,2474200,6.58973
2010-07-15,6.94,6.97,6.62,6.63,3548300,6.56991
2010-07-14,6.79,6.99,6.75,6.92,4375400,6.85728
2010-07-13,6.78,7.04,6.70,6.82,7245600,6.75818
2010-07-12,6.72,6.85,6.62,6.80,5359100,6.73837
2010-07-09,6.60,6.89,6.47,6.86,9366700,6.79782
2010-07-08,6.74,6.74,6.74,6.74,4283000,6.67891
2010-07-07,6.13,6.13,6.13,6.13,000,6.07444
2010-07-06,6.01,6.18,5.92,6.13,1685200,6.07444
2010-07-05,5.97,6.05,5.82,6.00,1008200,5.94562
2010-07-02,6.01,6.10,5.70,5.98,2035100,5.9258
2010-07-01,6.05,6.13,5.99,6.01,1257600,5.95553
2010-06-30,6.20,6.30,6.02,6.02,1839200,5.96544
2010-06-29,6.80,6.80,6.32,6.32,2956300,6.26272
2010-06-28,6.90,6.90,6.65,6.74,1781700,6.67891
2010-06-25,6.98,7.06,6.79,6.84,4064200,6.778
2010-06-24,6.80,7.36,6.73,7.10,6727300,7.03565
2010-06-23,6.78,6.87,6.67,6.79,2058900,6.72846
2010-06-22,6.73,6.96,6.72,6.86,2924700,6.79782
2010-06-21,6.57,6.75,6.53,6.73,2008700,6.669
2010-06-18,6.87,6.87,6.50,6.56,1987600,6.50054
2010-06-17,6.87,6.91,6.80,6.80,1480700,6.73837
2010-06-16,6.82,6.82,6.82,6.82,000,6.75818
2010-06-15,6.82,6.82,6.82,6.82,000,6.75818
2010-06-14,6.82,6.82,6.82,6.82,000,6.75818
2010-06-11,7.06,7.06,6.82,6.82,2590100,6.75818
2010-06-10,6.95,7.08,6.92,6.98,3444900,6.91673
2010-06-09,6.84,7.00,6.80,7.00,3442800,6.93655
2010-06-08,6.69,6.94,6.69,6.80,2468300,6.73837
2010-06-07,6.60,6.74,6.57,6.69,1493900,6.62936
2010-06-04,6.81,6.85,6.62,6.78,1586200,6.71855
2010-06-03,6.80,6.88,6.71,6.79,2352200,6.72846
2010-06-02,6.61,6.77,6.54,6.76,1751300,6.69873
2010-06-01,6.86,6.89,6.52,6.67,3489500,6.60954
2010-05-31,7.09,7.09,7.09,7.09,000,7.02574
2010-05-28,7.16,7.19,7.06,7.09,3944900,7.02574
2010-05-27,7.00,7.15,6.86,7.12,3474600,7.05546
2010-05-26,6.90,7.03,6.80,6.96,2807900,6.89692
2010-05-25,7.05,7.16,6.86,6.95,3685100,6.88701
2010-05-24,6.84,7.20,6.80,7.13,4936500,7.06537
2010-05-21,6.66,6.86,6.53,6.81,4586800,6.74827
2010-05-20,7.20,7.36,6.87,6.88,7224000,6.81764
2010-05-19,7.15,7.36,6.90,7.23,8147200,7.16447
2010-05-18,7.07,7.27,6.66,7.20,7383000,7.13474
2010-05-17,7.05,7.42,7.03,7.16,8164300,7.0951
2010-05-14,6.83,7.25,6.79,7.18,4766900,7.11492
2010-05-13,6.68,6.92,6.57,6.91,2606200,6.84737
2010-05-12,6.82,6.93,6.66,6.79,2082100,6.72846
2010-05-11,7.21,7.25,6.82,6.88,2911300,6.81764
2010-05-10,7.21,7.31,6.80,7.10,2878200,7.03565
2010-05-07,7.21,7.40,7.11,7.23,2664500,7.16447
2010-05-06,7.82,7.83,7.40,7.40,3313700,7.33293
2010-05-05,7.67,7.87,7.65,7.84,3995300,7.76894
2010-05-04,7.64,7.75,7.48,7.67,1838600,7.60048
2010-05-03,7.69,7.69,7.69,7.69,000,7.6203
2010-04-30,8.17,8.35,7.55,7.69,3927600,7.6203
2010-04-29,8.71,8.78,8.20,8.21,3451900,8.13559
2010-04-28,8.54,8.85,8.42,8.75,2860600,8.67069
2010-04-27,9.01,9.12,8.52,8.64,4872600,8.56169
2010-04-26,8.95,9.01,8.82,8.98,3216500,8.89861
2010-04-23,8.90,9.08,8.81,9.02,6994800,8.93824
2010-04-22,8.66,8.92,8.55,8.92,6552300,8.83915
2010-04-21,8.45,8.67,8.40,8.64,4026100,8.56169
2010-04-20,8.42,8.53,8.23,8.44,3316800,8.3635
2010-04-19,8.83,8.83,8.38,8.40,4219900,8.32386
2010-04-16,8.86,8.95,8.75,8.90,2661100,8.81933
2010-04-15,9.01,9.17,8.89,8.92,4129900,8.83915
2010-04-14,9.01,9.15,8.90,9.05,4772100,8.96797
2010-04-13,9.30,9.36,8.76,9.01,8355500,8.92833
2010-04-12,9.17,9.45,9.11,9.38,11537300,9.29498
2010-04-09,9.10,9.18,9.03,9.13,6056500,9.04725
2010-04-08,9.00,9.13,8.95,9.10,6390800,9.01752
2010-04-07,9.16,9.17,8.92,8.98,4797500,8.89861
2010-04-06,9.19,9.22,9.00,9.14,5106100,9.05716
2010-04-05,9.11,9.11,9.11,9.11,000,9.02743
2010-04-02,8.97,9.15,8.93,9.11,7783800,9.02743
2010-04-01,8.85,8.99,8.75,8.97,5797000,8.8887
2010-03-31,8.87,9.03,8.75,8.85,5423500,8.76978
2010-03-30,8.80,9.00,8.74,8.92,6011900,8.83915
2010-03-29,8.85,8.95,8.71,8.78,5671700,8.70042
2010-03-26,8.68,9.06,8.65,8.85,7184700,8.76978
2010-03-25,8.85,8.85,8.66,8.68,5863300,8.60133
2010-03-24,9.05,9.16,8.72,8.86,10056800,8.77969
2010-03-23,9.19,9.44,8.93,9.09,15881300,9.00761
2010-03-22,8.80,9.64,8.70,9.21,19057400,9.12652
2010-03-19,8.59,8.79,8.51,8.77,6133900,8.69051
2010-03-18,8.70,8.76,8.58,8.58,6407100,8.50223
2010-03-17,8.48,8.91,8.40,8.76,12449900,8.6806
2010-03-16,8.12,8.66,8.07,8.50,11263800,8.42296
2010-03-15,8.03,8.21,8.03,8.13,3261900,8.05631
2010-03-12,8.52,8.52,8.09,8.10,6352800,8.02658
2010-03-11,8.38,8.60,8.31,8.53,7188300,8.45268
2010-03-10,8.35,8.53,8.25,8.39,5313000,8.31395
2010-03-09,8.70,8.70,8.35,8.45,10085100,8.37341
2010-03-08,8.65,8.98,8.61,8.71,7335600,8.63105
2010-03-05,8.93,9.05,8.56,8.64,9967300,8.56169
2010-03-04,8.98,9.18,8.74,8.95,16379600,8.86888
2010-03-03,8.84,9.03,8.60,9.03,15299600,8.94815
2010-03-02,8.63,9.30,8.60,8.83,28435200,8.74997
2010-03-01,8.39,8.80,8.30,8.65,19043300,8.5716
2010-02-26,8.17,8.55,8.12,8.37,15942700,8.29414
2010-02-25,8.11,8.28,8.02,8.21,12733300,8.13559
2010-02-24,8.10,8.15,7.96,8.11,10085900,8.03649
2010-02-23,7.71,8.40,7.71,8.21,17308800,8.13559
2010-02-22,7.73,7.87,7.68,7.74,4619100,7.66985
2010-02-19,7.75,7.75,7.75,7.75,000,7.67975
2010-02-18,7.69,7.77,7.61,7.75,2791900,7.67975
2010-02-17,7.69,7.77,7.61,7.75,2791900,7.67975
2010-02-16,7.69,7.77,7.61,7.75,2791900,7.67975
2010-02-15,7.69,7.77,7.61,7.75,2791900,7.67975
2010-02-12,7.69,7.77,7.61,7.75,2791900,7.67975
2010-02-11,7.76,7.85,7.63,7.63,3218000,7.56084
2010-02-10,7.56,7.76,7.54,7.74,3488000,7.66985
2010-02-09,7.73,7.75,7.47,7.56,2769700,7.49148
2010-02-08,7.78,7.90,7.68,7.73,4933400,7.65994
2010-02-05,7.50,7.93,7.45,7.70,5896800,7.63021
2010-02-04,7.45,7.86,7.39,7.70,6805300,7.63021
2010-02-03,7.25,7.56,7.10,7.51,4748500,7.44193
2010-02-02,7.27,7.36,7.20,7.25,1727300,7.18429
2010-02-01,7.31,7.36,7.15,7.26,2005600,7.1942
2010-01-29,7.30,7.48,7.22,7.38,3335400,7.31311
2010-01-28,7.23,7.42,7.21,7.39,2363600,7.32302
2010-01-27,7.21,7.40,7.16,7.22,2349400,7.15456
2010-01-26,7.51,7.53,7.15,7.18,3264800,7.11492
2010-01-25,7.40,7.59,7.39,7.44,2035200,7.37256
2010-01-22,7.70,7.77,7.32,7.45,4739300,7.38247
2010-01-21,7.69,7.78,7.62,7.74,4302200,7.66985
2010-01-20,8.11,8.12,7.60,7.68,7185200,7.61039
2010-01-19,8.25,8.26,8.05,8.10,7425600,8.02658
2010-01-18,8.04,8.36,7.96,8.25,11481800,8.17522
2010-01-15,8.05,8.14,7.88,7.99,8387900,7.91758
2010-01-14,7.98,8.18,7.80,8.12,17427600,8.0464
2010-01-13,7.80,8.15,7.75,8.00,9222600,7.92749
2010-01-12,7.65,8.10,7.65,8.01,8502100,7.9374
2010-01-11,7.73,7.99,7.73,7.78,5163300,7.70948
2010-01-08,7.52,7.80,7.50,7.78,3171900,7.70948
2010-01-07,7.63,7.80,7.50,7.56,3473200,7.49148
2010-01-06,7.73,7.81,7.65,7.65,2398000,7.58066
2010-01-05,7.55,7.73,7.53,7.68,2549300,7.61039
2010-01-04,7.77,7.80,7.54,7.54,2352800,7.47166
2009-12-31,7.44,7.65,7.38,7.57,2303300,7.50139
2009-12-30,7.56,7.59,7.41,7.44,2401700,7.37256
2009-12-29,7.41,7.73,7.30,7.60,3786400,7.53111
2009-12-28,7.41,7.53,7.41,7.45,2239900,7.38247
2009-12-25,7.27,7.46,7.22,7.40,2372900,7.33293
2009-12-24,7.00,7.41,6.94,7.33,4186600,7.26356
2009-12-23,6.93,6.99,6.82,6.97,1587800,6.90682
2009-12-22,7.29,7.29,6.83,6.87,3107000,6.80773
2009-12-21,7.18,7.27,7.13,7.25,1819700,7.18429
2009-12-18,7.45,7.45,7.15,7.16,2171000,7.0951
2009-12-17,7.78,7.86,7.48,7.48,2600300,7.4122
2009-12-16,7.70,7.91,7.60,7.79,2386800,7.71939
2009-12-15,7.70,7.83,7.58,7.71,3205300,7.64012
2009-12-14,7.83,7.84,7.48,7.70,3538300,7.63021
2009-12-11,8.08,8.10,7.79,7.84,2386100,7.76894
2009-12-10,7.95,8.06,7.85,8.02,2988500,7.94731
2009-12-09,8.20,8.26,7.85,7.98,5222900,7.90767
2009-12-08,8.23,8.44,8.17,8.29,6151900,8.21486
2009-12-07,8.19,8.34,8.12,8.26,4877800,8.18513
2009-12-04,8.22,8.54,7.90,8.18,11176500,8.10586
2009-12-03,7.85,8.26,7.83,8.24,9274300,8.16531
2009-12-02,7.85,8.08,7.75,7.85,7030300,7.77885
2009-12-01,7.57,7.87,7.50,7.81,4795400,7.73921
2009-11-30,7.35,7.60,7.31,7.56,4507900,7.49148
2009-11-27,7.50,7.70,7.25,7.34,5671900,7.27347
2009-11-26,8.43,8.80,7.88,7.89,18854900,7.81849
2009-11-25,7.60,8.30,7.50,8.08,6210800,8.00676
2009-11-24,8.26,8.39,7.41,7.63,7696000,7.56084
2009-11-23,8.21,8.33,8.03,8.22,7168400,8.1455
2009-11-20,8.15,8.35,7.96,8.24,8069700,8.16531
2009-11-19,7.72,8.60,7.72,8.20,17772800,8.12568
2009-11-18,7.58,8.15,7.55,7.92,14465200,7.84821
2009-11-17,7.65,7.72,7.48,7.57,7007400,7.50139
2009-11-16,7.41,7.75,7.41,7.71,13089700,7.64012
2009-11-13,7.21,7.56,7.08,7.45,9809000,7.38247
2009-11-12,7.10,7.33,7.03,7.30,9918100,7.23383
2009-11-11,6.93,7.10,6.82,7.09,7425000,7.02574
2009-11-10,6.96,6.99,6.89,6.94,4602400,6.8771
2009-11-09,6.93,7.19,6.79,6.93,5468800,6.86719
2009-11-06,6.96,7.00,6.88,6.91,7142700,6.84737
2009-11-05,6.79,6.96,6.74,6.93,6162400,6.86719
2009-11-04,6.76,6.84,6.71,6.79,4995900,6.72846
2009-11-03,6.59,6.78,6.56,6.78,5595400,6.71855
2009-11-02,6.40,6.65,6.29,6.60,4653300,6.54018
2009-10-30,6.60,6.68,6.40,6.56,4974300,6.50054
2009-10-29,6.67,6.83,6.55,6.70,10177000,6.63927
2009-10-28,6.34,6.50,6.29,6.50,2228400,6.44108
2009-10-27,6.71,6.71,6.36,6.36,3519800,6.30235
2009-10-26,6.82,6.86,6.62,6.71,3702200,6.64918
2009-10-23,6.71,6.90,6.71,6.81,4032300,6.74827
2009-10-22,6.72,6.83,6.67,6.74,3314300,6.67891
2009-10-21,6.79,6.88,6.71,6.72,3162900,6.65909
2009-10-20,6.71,6.92,6.68,6.81,4301700,6.74827
2009-10-19,6.51,6.86,6.51,6.74,3462800,6.67891
2009-10-16,6.66,6.72,6.42,6.54,2305300,6.48072
2009-10-15,6.69,6.80,6.53,6.67,2641700,6.60954
2009-10-14,6.42,6.80,6.41,6.70,4718100,6.63927
2009-10-13,6.30,6.41,6.25,6.39,1702100,6.33208
2009-10-12,6.43,6.45,6.26,6.30,2023400,6.2429
2009-10-09,6.28,6.46,6.15,6.45,2268900,6.39154
2009-10-08,6.10,6.10,6.10,6.10,000,6.04471
2009-10-07,6.10,6.10,6.10,6.10,000,6.04471
2009-10-06,6.10,6.10,6.10,6.10,000,6.04471
2009-10-05,6.10,6.10,6.10,6.10,000,6.04471
2009-10-02,6.10,6.10,6.10,6.10,000,6.04471
2009-10-01,6.10,6.10,6.10,6.10,000,6.04471
2009-09-30,6.20,6.29,6.09,6.10,1752000,6.04471
2009-09-29,6.50,6.50,5.98,6.11,3016100,6.05462
2009-09-28,6.89,6.97,6.38,6.50,2021300,6.44108
2009-09-25,6.68,6.95,6.60,6.84,2253900,6.778
2009-09-24,7.06,7.07,6.64,6.80,2751200,6.73837
2009-09-23,7.17,7.35,6.85,7.07,4062700,7.00592
2009-09-22,7.64,7.78,7.21,7.30,6749200,7.23383
2009-09-21,7.44,7.75,7.00,7.69,9588000,7.6203
2009-09-18,7.35,7.59,7.32,7.45,9347600,7.38247
2009-09-17,7.22,7.40,7.22,7.33,4671200,7.26356
2009-09-16,7.35,7.38,7.12,7.23,4036900,7.16447
2009-09-15,7.25,7.49,7.13,7.38,7359800,7.31311
2009-09-14,7.15,7.33,7.15,7.28,4877100,7.21402
2009-09-11,7.00,7.25,6.96,7.12,4361200,7.05546
2009-09-10,7.22,7.22,6.95,7.00,3912200,6.93655
2009-09-09,7.32,7.33,7.07,7.19,6499100,7.12483
2009-09-08,7.00,7.50,6.90,7.37,9760700,7.3032
2009-09-07,6.91,7.23,6.91,7.05,7067400,6.9861
2009-09-04,6.89,7.07,6.86,6.91,5629600,6.84737
2009-09-03,6.64,7.15,6.58,6.98,5843700,6.91673
2009-09-02,6.55,6.66,6.47,6.64,2885400,6.57982
2009-09-01,6.22,6.68,6.22,6.66,6229000,6.59963
2009-08-31,6.71,6.71,6.37,6.38,3911700,6.32217
2009-08-28,7.15,7.15,6.75,6.79,5711100,6.72846
2009-08-27,7.20,7.59,7.01,7.19,10958800,7.12483
2009-08-26,7.30,7.89,7.10,7.41,20310000,7.34284
2009-08-25,6.52,7.24,6.41,7.24,12791300,7.17438
2009-08-24,6.14,6.67,6.08,6.58,5092300,6.52036
2009-08-21,5.87,6.19,5.80,6.16,3389200,6.10417
2009-08-20,5.57,5.83,5.57,5.81,1767700,5.75734
2009-08-19,5.93,6.06,5.51,5.57,2205300,5.51951
2009-08-18,5.82,6.00,5.75,5.95,1897400,5.89607
2009-08-17,6.18,6.28,5.75,5.80,2343200,5.74743
2009-08-14,6.76,6.79,6.18,6.25,1869100,6.19335
2009-08-13,6.62,6.80,6.62,6.75,1718200,6.68882
2009-08-12,7.07,7.10,6.64,6.65,2737700,6.58973
2009-08-11,7.00,7.10,6.98,7.08,1941000,7.01583
2009-08-10,7.01,7.10,6.89,7.00,3105300,6.93655
2009-08-07,7.25,7.40,7.00,7.00,4723000,6.93655
2009-08-06,7.48,7.49,7.14,7.37,3253400,7.3032
2009-08-05,7.22,7.60,7.18,7.49,5457500,7.42211
2009-08-04,7.30,7.30,7.10,7.23,2937800,7.16447
2009-08-03,7.24,7.43,7.22,7.29,3199100,7.22392
2009-07-31,7.20,7.27,7.11,7.25,3277000,7.18429
2009-07-30,7.02,7.20,6.80,7.14,3034200,7.07528
2009-07-29,7.62,7.70,6.86,7.02,4688100,6.95637
2009-07-28,7.72,7.72,7.54,7.62,4024300,7.55093
2009-07-27,7.63,7.85,7.48,7.75,5874700,7.67975
2009-07-24,8.03,8.13,7.32,7.69,8940400,7.6203
2009-07-23,7.71,8.10,7.62,8.03,7687200,7.95722
2009-07-22,7.70,7.77,7.61,7.71,3878900,7.64012
2009-07-21,7.75,7.85,7.66,7.71,6012000,7.64012
2009-07-20,7.81,7.84,7.64,7.72,4962500,7.65003
2009-07-17,7.69,7.90,7.66,7.79,7137800,7.71939
2009-07-16,7.72,7.75,7.59,7.63,5819100,7.56084
2009-07-15,7.80,7.80,7.62,7.76,7231600,7.68966
2009-07-14,7.78,7.82,7.68,7.80,5888400,7.7293
2009-07-13,7.80,7.96,7.70,7.75,7015100,7.67975
2009-07-10,7.88,7.97,7.70,7.83,7654900,7.75903
2009-07-09,7.80,8.20,7.61,7.98,19456100,7.90767
2009-07-08,8.00,8.36,8.00,8.17,7561100,8.09595
2009-07-07,7.55,8.36,7.41,8.16,12720400,8.08604
2009-07-06,7.68,7.84,7.45,7.60,6431300,7.53111
2009-07-03,7.59,7.88,7.40,7.79,12875700,7.71939
2009-07-02,6.90,7.59,6.90,7.59,13060600,7.52121
2009-07-01,6.90,7.08,6.74,6.90,6787900,6.83746
2009-06-30,7.30,7.35,6.93,6.93,7194300,6.86719
2009-06-29,7.17,7.43,7.00,7.30,9850800,7.23383
2009-06-26,7.31,7.47,7.05,7.22,11416100,7.15456
2009-06-25,6.76,7.45,6.60,7.36,22231100,7.29329
2009-06-24,6.34,6.89,6.26,6.77,15739900,6.70864
2009-06-23,5.95,6.45,5.90,6.30,9221700,6.2429
2009-06-22,6.16,6.27,6.03,6.06,5444400,6.00507
2009-06-19,6.16,6.23,6.09,6.16,5494400,6.10417
2009-06-18,6.20,6.24,6.05,6.16,5334700,6.10417
2009-06-17,6.03,6.31,6.02,6.19,6852100,6.13389
2009-06-16,5.87,6.49,5.86,6.17,14055400,6.11408
2009-06-15,5.79,5.97,5.76,5.97,3768600,5.91589
2009-06-12,6.03,6.03,5.65,5.75,4311900,5.69788
2009-06-11,5.94,6.18,5.91,6.01,8987700,5.95553
2009-06-10,6.00,6.01,5.87,5.95,5994000,5.89607
2009-06-09,5.80,6.02,5.73,5.99,9558700,5.93571
2009-06-08,5.63,5.84,5.62,5.80,5765500,5.74743
2009-06-05,5.75,5.77,5.60,5.61,3640700,5.55915
2009-06-04,5.85,5.85,5.67,5.72,3513500,5.66815
2009-06-03,5.74,5.87,5.72,5.84,5122800,5.78707
2009-06-02,5.71,5.80,5.63,5.77,3996500,5.7177
2009-06-01,5.70,5.74,5.61,5.70,3774000,5.64834
2009-05-29,5.64,5.64,5.64,5.64,000,5.58888
2009-05-28,5.64,5.64,5.64,5.64,000,5.58888
2009-05-27,5.79,5.79,5.58,5.64,3169700,5.58888
2009-05-26,5.86,5.89,5.71,5.72,4782400,5.66815
2009-05-25,5.62,5.96,5.55,5.86,5479800,5.80689
2009-05-22,5.85,5.92,5.75,5.86,4302800,5.80689
2009-05-21,5.88,5.94,5.75,5.88,6346000,5.8267
2009-05-20,6.10,6.10,5.92,5.92,9128100,5.86634
2009-05-19,6.05,6.18,5.92,6.14,16215400,6.08435
2009-05-18,5.94,6.15,5.83,6.04,7628600,5.98525
2009-05-15,6.00,6.00,6.00,6.00,000,5.94562
2009-05-14,6.10,6.10,5.90,6.00,7640600,5.94562
2009-05-13,6.05,6.24,5.92,6.07,14669800,6.01498
2009-05-12,6.28,6.43,5.92,6.20,19862100,6.1438
2009-05-11,6.40,6.47,6.15,6.26,22316400,6.20326
2009-05-08,6.08,6.48,5.90,6.37,22341800,6.31226
2009-05-07,6.13,6.13,5.74,6.09,23584700,6.0348
2009-05-06,5.45,6.04,5.42,5.98,13369300,5.9258
2009-05-05,5.35,5.56,5.28,5.51,6786000,5.46006
2009-05-04,5.22,5.40,5.16,5.36,5360900,5.31142
2009-05-01,5.25,5.25,5.25,5.25,000,5.20241
2009-04-30,5.19,5.27,5.11,5.25,4717000,5.20241
2009-04-29,4.99,5.21,4.93,5.17,4294800,5.12314
2009-04-28,5.01,5.09,4.80,5.00,4959100,4.95468
2009-04-27,5.37,5.40,5.08,5.08,3952300,5.03396
2009-04-24,5.42,5.49,5.31,5.42,4135800,5.37087
2009-04-23,5.57,5.57,5.22,5.43,5594300,5.38078
2009-04-22,5.95,6.14,5.50,5.58,11562500,5.52942
2009-04-21,5.84,6.15,5.80,6.00,10787700,5.94562
2009-04-20,5.78,6.06,5.66,5.95,12712700,5.89607
2009-04-17,5.69,5.80,5.61,5.77,6688100,5.7177
2009-04-16,5.65,5.75,5.55,5.71,6965700,5.65825
2009-04-15,5.63,5.70,5.51,5.70,5906900,5.64834
2009-04-14,5.75,5.75,5.56,5.66,6966900,5.6087
2009-04-13,5.85,5.85,5.70,5.75,8757600,5.69788
2009-04-10,5.83,5.87,5.60,5.86,15206500,5.80689
2009-04-09,5.40,5.85,5.21,5.83,16796700,5.77716
2009-04-08,5.40,5.66,5.40,5.46,13269200,5.41051
2009-04-07,5.22,5.37,5.19,5.37,2947700,5.32133
2009-04-06,5.24,5.24,5.24,5.24,000,5.1925
2009-04-03,5.41,5.43,5.20,5.24,3801000,5.1925
2009-04-02,5.35,5.44,5.28,5.40,5657300,5.35106
2009-04-01,5.34,5.44,5.33,5.39,4218000,5.34115
2009-03-31,5.20,5.33,5.15,5.33,3093600,5.28169
2009-03-30,5.44,5.44,5.31,5.35,3959100,5.30151
2009-03-27,5.48,5.50,5.30,5.45,5296700,5.4006
2009-03-26,5.36,5.51,5.22,5.51,5486100,5.46006
2009-03-25,5.44,5.69,5.41,5.43,7210200,5.38078
2009-03-24,5.54,5.56,5.40,5.48,6861500,5.43033
2009-03-23,5.53,5.70,5.38,5.54,14310300,5.48979
2009-03-20,5.25,5.58,5.21,5.44,14141800,5.39069
2009-03-19,5.16,5.32,5.15,5.27,6753000,5.22223
2009-03-18,5.16,5.29,5.10,5.17,9669000,5.12314
2009-03-17,5.06,5.15,4.88,5.11,7278100,5.06368
2009-03-16,5.04,5.12,4.84,5.06,4799300,5.01414
2009-03-13,5.10,5.16,5.01,5.09,5176000,5.04386
2009-03-12,5.08,5.19,4.96,5.12,6261100,5.07359
2009-03-11,5.45,5.45,5.07,5.12,9842900,5.07359
2009-03-10,4.84,5.36,4.76,5.31,11593300,5.26187
2009-03-09,5.01,5.03,4.77,4.88,4625500,4.83577
2009-03-06,4.80,5.10,4.71,4.98,7273100,4.93486
2009-03-05,5.14,5.14,4.75,4.92,10151900,4.87541
2009-03-04,4.54,4.96,4.52,4.96,9194200,4.91504
2009-03-03,4.18,4.67,4.09,4.51,4484000,4.46912
2009-03-02,4.18,4.34,4.12,4.29,2387900,4.25112
2009-02-27,4.53,4.54,4.10,4.21,3466800,4.17184
2009-02-26,4.93,5.09,4.47,4.53,4256000,4.48894
2009-02-25,5.02,5.09,4.80,4.94,4412200,4.89522
2009-02-24,5.23,5.30,4.95,4.99,7264800,4.94477
2009-02-23,5.20,5.37,5.05,5.34,5977000,5.2916
2009-02-20,5.08,5.20,5.02,5.20,6266500,5.15287
2009-02-19,5.34,5.47,4.97,5.14,7715900,5.09341
2009-02-18,5.45,5.71,5.21,5.23,11920800,5.1826
2009-02-17,5.75,5.75,5.62,5.71,14561000,5.65825
2009-02-16,5.16,5.23,4.95,5.23,6917200,5.1826
2009-02-13,4.92,5.10,4.83,5.09,5509800,5.04386
2009-02-12,4.89,4.98,4.72,4.86,4575800,4.81595
2009-02-11,4.90,5.20,4.80,4.89,9867000,4.84568
2009-02-10,4.69,5.15,4.59,5.02,9572900,4.9745
2009-02-09,4.50,4.87,4.37,4.73,12481800,4.68713
2009-02-06,4.26,4.57,4.21,4.49,12951400,4.4493
2009-02-05,4.27,4.45,4.20,4.27,9074100,4.2313
2009-02-04,4.15,4.35,4.12,4.33,8600100,4.29075
2009-02-03,3.96,4.25,3.91,4.17,7017800,4.1322
2009-02-02,3.90,3.99,3.82,3.97,3344900,3.93402
2009-01-30,3.86,3.86,3.86,3.86,000,3.82501
2009-01-29,3.86,3.86,3.86,3.86,000,3.82501
2009-01-28,3.86,3.86,3.86,3.86,000,3.82501
2009-01-27,3.86,3.86,3.86,3.86,000,3.82501
2009-01-26,3.86,3.86,3.86,3.86,000,3.82501
2009-01-23,3.93,3.93,3.85,3.86,2284900,3.82501
2009-01-22,3.91,3.93,3.84,3.91,2800100,3.87456
2009-01-21,3.85,3.93,3.80,3.86,3194400,3.82501
2009-01-20,3.93,3.97,3.84,3.92,3648400,3.88447
2009-01-19,4.16,4.17,3.90,3.99,8458400,3.95384
2009-01-16,3.97,4.13,3.90,4.13,12727500,4.09257
2009-01-15,3.68,3.84,3.66,3.75,4300200,3.71601
2009-01-14,3.54,3.72,3.53,3.71,2501600,3.67637
2009-01-13,3.70,3.80,3.56,3.56,4463800,3.52773
2009-01-12,3.73,3.78,3.68,3.70,2838500,3.66646
2009-01-09,3.68,3.75,3.67,3.73,2585100,3.69619
2009-01-08,3.60,3.72,3.56,3.66,3719800,3.62683
2009-01-07,3.48,3.71,3.48,3.70,4336600,3.66646
2009-01-06,3.36,3.55,3.25,3.52,2592500,3.4881
2009-01-05,3.31,3.39,3.30,3.38,1409700,3.34936
2009-01-02,3.26,3.26,3.26,3.26,000,3.23045
2009-01-01,3.26,3.26,3.26,3.26,000,3.23045
2008-12-31,3.43,3.43,3.26,3.26,1970200,3.23045
2008-12-30,3.34,3.41,3.30,3.32,1623200,3.28991
2008-12-29,3.47,3.48,3.22,3.35,2562000,3.31964
2008-12-26,3.47,3.59,3.44,3.47,2046300,3.43855
2008-12-25,3.58,3.62,3.40,3.52,2352500,3.4881
2008-12-24,3.61,3.72,3.48,3.54,3632300,3.50791
2008-12-23,4.14,4.14,3.69,3.69,6286200,3.65655
2008-12-22,4.03,4.20,3.99,4.10,6578700,4.06284
2008-12-19,4.00,4.27,3.94,4.03,11134800,3.99347
2008-12-18,3.80,4.07,3.76,4.04,7876100,4.00338
2008-12-17,3.83,3.86,3.68,3.82,5686000,3.78538
2008-12-16,3.71,3.96,3.70,3.82,8248500,3.78538
2008-12-15,3.61,3.71,3.51,3.70,2990200,3.66646
2008-12-12,3.62,3.72,3.44,3.55,3544300,3.51782
2008-12-11,3.71,3.85,3.56,3.74,6695600,3.7061
2008-12-10,3.57,3.74,3.56,3.74,3731900,3.7061
2008-12-09,3.70,3.79,3.54,3.58,4684100,3.54755
2008-12-08,3.56,3.74,3.53,3.72,5986900,3.68628
2008-12-05,3.42,3.52,3.40,3.51,3282100,3.47819
2008-12-04,3.52,3.57,3.40,3.42,6397100,3.389
2008-12-03,3.36,3.51,3.32,3.50,5863100,3.46828
2008-12-02,3.22,3.48,3.20,3.38,7072000,3.34936
2008-12-01,3.06,3.31,2.99,3.28,3776700,3.25027
2008-11-28,3.12,3.16,3.02,3.07,2521800,3.04217
2008-11-27,3.33,3.34,3.12,3.13,3264000,3.10163
2008-11-26,3.10,3.16,3.05,3.10,1482300,3.0719
2008-11-25,3.18,3.22,3.01,3.09,2519000,3.06199
2008-11-24,3.38,3.39,3.11,3.14,5033100,3.11154
2008-11-21,3.45,3.69,3.31,3.41,10456500,3.37909
2008-11-20,3.50,3.51,3.22,3.51,8873300,3.47819
2008-11-19,2.97,3.21,2.85,3.19,4306800,3.16109
2008-11-18,3.30,3.40,3.00,3.00,5053800,2.97281
2008-11-17,3.17,3.34,3.13,3.33,5135800,3.29982
2008-11-14,3.06,3.19,2.99,3.17,5967800,3.14127
2008-11-13,2.88,3.10,2.85,3.06,5342900,3.03226
2008-11-12,2.92,3.01,2.80,2.95,5530900,2.92326
2008-11-11,2.79,2.98,2.75,2.90,4954600,2.87371
2008-11-10,2.64,2.85,2.62,2.81,3156000,2.78453
2008-11-07,2.43,2.65,2.43,2.60,1618500,2.57643
2008-11-06,2.57,2.57,2.46,2.55,1276500,2.52689
2008-11-05,2.55,2.65,2.54,2.60,2314800,2.57643
2008-11-04,2.66,2.66,2.44,2.54,1868200,2.51698
2008-11-03,2.68,2.69,2.42,2.66,1606200,2.63589
2008-10-31,2.76,2.80,2.65,2.68,940900,2.65571
2008-10-30,2.77,2.86,2.66,2.74,1517900,2.71516
2008-10-29,2.90,2.93,2.75,2.75,927000,2.72507
2008-10-28,2.78,2.93,2.72,2.86,1379600,2.83408
2008-10-27,3.07,3.07,2.84,2.84,2067100,2.81426
2008-10-24,3.22,3.32,3.11,3.15,1820300,3.12145
2008-10-23,3.09,3.43,3.05,3.32,3597500,3.28991
2008-10-22,3.20,3.27,3.15,3.15,1548700,3.12145
2008-10-21,3.30,3.38,3.26,3.27,2100000,3.24036
2008-10-20,3.29,3.38,3.14,3.33,2442700,3.29982
2008-10-17,3.39,3.50,3.29,3.32,3429500,3.28991
2008-10-16,4.06,4.10,3.65,3.65,2395900,3.61692
2008-10-15,4.06,4.06,4.06,4.06,000,4.0232
2008-10-14,4.06,4.06,4.06,4.06,000,4.0232
2008-10-13,4.06,4.06,4.06,4.06,000,4.0232
2008-10-10,4.06,4.06,4.06,4.06,000,4.0232
2008-10-09,4.06,4.06,4.06,4.06,000,4.0232
2008-10-08,4.06,4.06,4.06,4.06,000,4.0232
2008-10-07,4.06,4.06,4.06,4.06,000,4.0232
2008-10-06,4.06,4.06,4.06,4.06,000,4.0232
2008-10-03,4.06,4.06,4.06,4.06,000,4.0232
2008-10-02,4.06,4.06,4.06,4.06,000,4.0232
2008-10-01,4.06,4.06,4.06,4.06,000,4.0232
2008-09-30,4.06,4.06,4.06,4.06,000,4.0232
2008-09-29,4.06,4.06,4.06,4.06,000,4.0232
2008-09-26,4.06,4.06,4.06,4.06,000,4.0232
2008-09-25,4.06,4.06,4.06,4.06,000,4.0232
2008-09-24,4.06,4.06,4.06,4.06,000,4.0232
2008-09-23,4.06,4.06,4.06,4.06,000,4.0232
2008-09-22,4.06,4.06,4.06,4.06,000,4.0232
2008-09-19,4.06,4.06,4.06,4.06,000,4.0232
2008-09-18,4.06,4.06,4.06,4.06,000,4.0232
2008-09-17,4.06,4.06,4.06,4.06,000,4.0232
2008-09-16,4.06,4.06,4.06,4.06,000,4.0232
2008-09-15,4.06,4.06,4.06,4.06,000,4.0232
2008-09-12,4.08,4.16,4.03,4.06,1154600,4.0232
2008-09-11,4.10,4.19,4.05,4.10,1852300,4.06284
2008-09-10,3.96,4.20,3.86,4.16,2964700,4.12229
2008-09-09,3.81,3.94,3.81,3.94,1025900,3.90429
2008-09-08,3.96,4.08,3.81,3.81,2121500,3.77547
2008-09-05,4.18,4.20,3.97,4.00,2745700,3.96374
2008-09-04,4.39,4.42,4.32,4.35,1639900,4.31057
2008-09-03,4.28,4.45,4.23,4.39,3126700,4.35021
2008-09-02,4.21,4.43,4.17,4.30,2606900,4.26103
2008-09-01,4.17,4.34,4.10,4.29,3301400,4.25112
2008-08-29,4.17,4.33,4.09,4.20,2905400,4.16193
2008-08-28,4.01,4.27,4.00,4.20,4019800,4.16193
2008-08-27,3.95,4.08,3.84,3.98,1866000,3.94393
2008-08-26,4.12,4.21,3.93,3.95,2362900,3.9142
2008-08-25,4.25,4.45,4.15,4.21,2262700,4.17184
2008-08-22,4.19,4.49,3.99,4.36,4269500,4.32048
2008-08-21,4.54,4.64,4.25,4.25,3296800,4.21148
2008-08-20,4.23,4.71,4.16,4.65,4591800,4.60785
2008-08-19,4.11,4.38,4.08,4.29,2439900,4.25112
2008-08-18,4.74,4.78,4.26,4.26,3066800,4.22139
2008-08-15,4.64,4.91,4.60,4.73,3013400,4.68713
2008-08-14,4.70,4.89,4.56,4.66,2832000,4.61776
2008-08-13,4.95,4.97,4.54,4.82,4799900,4.77631
2008-08-12,5.04,5.39,5.04,5.04,4643500,4.99432
2008-08-11,6.10,6.10,5.60,5.60,1479900,5.54924
2008-08-08,6.80,7.10,6.20,6.22,8003800,6.16362
2008-08-07,6.45,6.95,6.22,6.84,6704400,6.778
2008-08-06,6.33,6.72,6.28,6.50,5319800,6.44108
2008-08-05,6.79,6.86,6.25,6.30,6051300,6.2429
2008-08-04,6.54,7.09,6.53,6.94,13772600,6.8771
2008-08-01,5.90,6.55,5.86,6.55,5941900,6.49063
2008-07-31,6.22,6.27,5.94,5.95,1670000,5.89607
2008-07-30,6.36,6.43,6.13,6.22,1926700,6.16362
2008-07-29,6.50,6.50,6.25,6.30,2423900,6.2429
2008-07-28,6.66,6.74,6.51,6.56,2942000,6.50054
2008-07-25,6.58,6.75,6.38,6.63,3427400,6.56991
2008-07-24,6.56,6.64,6.40,6.60,3342100,6.54018
2008-07-23,6.60,6.85,6.45,6.50,4017900,6.44108
2008-07-22,6.45,6.85,6.38,6.60,5449200,6.54018
2008-07-21,6.06,6.58,6.05,6.47,4536000,6.41136
2008-07-18,5.96,6.31,5.84,6.23,3680500,6.17353
2008-07-17,6.25,6.39,5.91,5.94,3719700,5.88616
2008-07-16,6.60,6.87,6.20,6.20,6273300,6.1438
2008-07-15,6.60,7.20,6.38,6.89,9900000,6.82755
2008-07-14,6.60,6.80,6.36,6.68,5463400,6.61945
2008-07-11,6.81,6.98,6.38,6.61,11080100,6.55009
2008-07-10,6.70,7.46,6.67,7.08,17783300,7.01583
2008-07-09,6.98,7.14,6.67,6.80,11454300,6.71359
2008-07-08,6.96,7.14,6.48,6.98,17151200,6.89131
2008-07-07,6.04,6.49,6.04,6.49,3625000,6.40753
2008-07-04,5.30,5.90,5.25,5.90,6266800,5.82503
2008-07-03,5.08,5.43,5.00,5.36,2063200,5.29189
2008-07-02,5.19,5.34,5.13,5.22,1615500,5.15367
2008-07-01,5.10,5.36,4.93,5.23,2006000,5.16354
2008-06-30,4.90,5.18,4.80,5.16,1711600,5.09443
2008-06-27,5.14,5.14,4.78,4.85,1191500,4.78837
2008-06-26,5.34,5.42,5.18,5.28,1505100,5.21291
2008-06-25,5.00,5.36,4.95,5.28,1612100,5.21291
2008-06-24,4.75,5.04,4.75,5.00,1095100,4.93647
2008-06-23,4.90,4.97,4.76,4.78,666500,4.71926
2008-06-20,4.75,5.09,4.61,4.91,1298600,4.84761
2008-06-19,5.29,5.56,4.75,4.75,2525800,4.68964
2008-06-18,4.93,5.29,4.80,5.28,1436000,5.21291
2008-06-17,5.10,5.17,4.96,4.96,1619600,4.89697
2008-06-16,5.11,5.26,4.96,5.06,748900,4.9957
2008-06-13,5.60,5.64,5.11,5.16,681500,5.09443
2008-06-12,5.55,5.68,5.42,5.55,835500,5.47948
2008-06-11,5.65,5.73,5.47,5.58,827500,5.50909
2008-06-10,6.13,6.18,5.73,5.73,1114200,5.65719
2008-06-09,6.37,6.37,6.37,6.37,000,6.28906
2008-06-06,6.33,6.40,6.27,6.37,546300,6.28906
2008-06-05,6.40,6.43,6.26,6.33,772100,6.24956
2008-06-04,6.69,6.69,6.31,6.42,1568700,6.33842
2008-06-03,6.63,6.84,6.54,6.70,3914500,6.61486
2008-06-02,6.43,6.60,6.26,6.60,2179800,6.51613
2008-05-30,6.25,6.52,6.25,6.45,1724500,6.36804
2008-05-29,6.33,6.39,6.18,6.19,921600,6.11134
2008-05-28,6.14,6.38,6.12,6.33,748900,6.24956
2008-05-27,6.10,6.24,6.10,6.16,521200,6.08172
2008-05-26,6.22,6.32,6.11,6.16,597300,6.08172
2008-05-23,6.32,6.44,6.11,6.31,885600,6.22982
2008-05-22,6.31,6.52,6.27,6.32,1360800,6.23969
2008-05-21,6.31,6.48,6.02,6.40,1586300,6.31868
2008-05-20,6.85,6.94,6.22,6.31,1227700,6.22982
2008-05-19,6.90,7.06,6.80,6.91,921700,6.82219
2008-05-16,7.00,7.14,6.78,6.91,1791900,6.82219
2008-05-15,7.20,7.20,7.20,7.20,000,7.10851
2008-05-14,7.20,7.38,6.96,7.20,4619200,7.10851
2008-05-13,6.55,7.26,6.40,7.16,4825600,7.06902
2008-05-12,6.64,6.88,6.50,6.82,1169200,6.73334
2008-05-09,6.94,6.95,6.59,6.72,1978000,6.63461
2008-05-08,6.50,6.90,6.50,6.90,1645500,6.81232
2008-05-07,7.04,7.12,6.60,6.66,2031000,6.57537
2008-05-06,7.20,7.20,7.00,7.08,2692500,6.99003
2008-05-05,7.23,7.33,7.00,7.25,4193600,7.15787
2008-05-02,7.14,7.14,7.14,7.14,000,7.04927
2008-05-01,7.14,7.14,7.14,7.14,000,7.04927
2008-04-30,6.76,7.15,6.68,7.14,4227900,7.04927
2008-04-29,6.69,6.79,6.60,6.74,1500600,6.65435
2008-04-28,6.50,6.75,6.35,6.69,1790100,6.60499
2008-04-25,6.43,6.75,6.38,6.55,2980300,6.46677
2008-04-24,6.50,6.57,6.23,6.56,3750800,6.47664
2008-04-23,5.65,6.02,5.50,5.97,1665100,5.89414
2008-04-22,5.90,5.90,5.40,5.69,1554500,5.6177
2008-04-21,6.39,6.47,5.95,5.99,1235800,5.91388
2008-04-18,6.15,6.35,5.90,5.92,1022600,5.84477
2008-04-17,6.56,6.76,6.21,6.25,1130400,6.17058
2008-04-16,6.90,6.98,6.55,6.65,1250500,6.5655
2008-04-15,6.76,7.08,6.62,7.04,801600,6.95054
2008-04-14,7.10,7.10,6.71,6.75,768400,6.66423
2008-04-11,7.15,7.33,7.13,7.25,819300,7.15787
2008-04-10,6.90,7.10,6.78,7.10,848500,7.00978
2008-04-09,7.19,7.48,6.88,6.90,1091100,6.81232
2008-04-08,7.10,7.38,7.10,7.22,1160600,7.12826
2008-04-07,6.70,7.25,6.55,7.14,1144900,7.04927
2008-04-04,6.77,6.77,6.77,6.77,000,6.68397
2008-04-03,6.58,6.86,6.41,6.77,967600,6.68397
2008-04-02,7.12,7.24,6.50,6.58,1249200,6.49639
2008-04-01,7.73,7.89,6.97,7.02,1732800,6.9308
2008-03-31,7.89,8.15,7.74,7.74,875000,7.64165
2008-03-28,8.00,8.22,7.51,8.18,1329200,8.07606
2008-03-27,8.16,8.35,7.85,7.90,1611200,7.79961
2008-03-26,8.20,8.62,8.18,8.28,1526100,8.17479
2008-03-25,7.89,8.25,7.80,8.21,1216300,8.10568
2008-03-24,8.30,8.40,8.00,8.00,1306800,7.89834
2008-03-21,8.09,8.44,8.00,8.25,2152900,8.14517
2008-03-20,7.60,8.31,7.30,8.12,2679000,8.01682
2008-03-19,7.50,7.85,7.38,7.69,1481700,7.59228
2008-03-18,7.89,8.00,7.12,7.33,1805200,7.23686
2008-03-17,8.58,8.65,7.88,7.91,2068200,7.80949
2008-03-14,8.50,8.67,8.42,8.58,1141700,8.47097
2008-03-13,8.71,8.93,8.29,8.49,2212900,8.38212
2008-03-12,9.13,9.25,8.80,8.84,1778200,8.72767
2008-03-11,8.87,9.07,8.66,9.05,2028400,8.935
2008-03-10,9.28,9.28,8.90,8.90,2653100,8.78691
2008-03-07,9.58,9.75,9.25,9.32,3893300,9.20157
2008-03-06,9.26,9.65,9.26,9.59,5537500,9.46814
2008-03-05,9.30,9.44,9.06,9.24,3122400,9.12259
2008-03-04,9.49,9.55,9.30,9.30,3760200,9.18183
2008-03-03,9.25,9.55,9.16,9.50,4984400,9.37928
2008-02-29,9.00,9.40,8.95,9.27,4835400,9.15221
2008-02-28,9.04,9.25,8.91,9.09,3808400,8.97449
2008-02-27,8.77,9.04,8.75,9.00,1582700,8.88564
2008-02-26,9.00,9.09,8.50,8.78,2211000,8.66843
2008-02-25,8.75,9.18,8.64,8.85,4084700,8.73754
2008-02-22,8.95,9.07,8.60,8.70,2052000,8.58945
2008-02-21,9.00,9.12,8.85,9.05,2424900,8.935
2008-02-20,9.01,9.17,8.91,8.97,2731800,8.85602
2008-02-19,8.73,9.19,8.72,9.05,3621100,8.935
2008-02-18,8.66,8.88,8.66,8.79,2033200,8.67831
2008-02-15,8.54,8.68,8.31,8.66,1378300,8.54996
2008-02-14,8.50,8.78,8.50,8.60,1188000,8.49072
2008-02-13,8.52,8.73,8.27,8.49,1587800,8.38212
2008-02-12,8.46,8.46,8.46,8.46,000,8.3525
2008-02-11,8.46,8.46,8.46,8.46,000,8.3525
2008-02-08,8.46,8.46,8.46,8.46,000,8.3525
2008-02-07,8.46,8.46,8.46,8.46,000,8.3525
2008-02-06,8.46,8.46,8.46,8.46,000,8.3525
2008-02-05,8.28,8.56,8.12,8.46,1422600,8.3525
2008-02-04,7.99,8.38,7.95,8.38,1663800,8.27352
2008-02-01,8.35,8.40,7.45,7.74,2086200,7.64165
2008-01-31,8.50,8.69,8.21,8.25,1237700,8.14517
2008-01-30,8.72,8.88,8.38,8.60,1663600,8.49072
2008-01-29,8.28,8.88,8.16,8.70,2931300,8.58945
2008-01-28,8.77,8.77,8.08,8.15,2473500,8.04644
2008-01-25,9.00,9.15,8.82,8.90,2831300,8.78691
2008-01-24,8.65,9.14,8.64,9.10,5721800,8.98437
2008-01-23,8.00,8.74,7.99,8.68,5079300,8.5697
2008-01-22,8.95,8.95,8.23,8.23,3155400,8.12542
2008-01-21,9.21,9.28,8.90,9.14,3282700,9.02386
2008-01-18,9.00,9.16,8.92,9.15,2413700,9.03373
2008-01-17,9.35,9.56,8.70,9.00,4572700,8.88564
2008-01-16,9.35,9.65,9.00,9.35,3680700,9.23119
2008-01-15,9.35,9.45,9.25,9.40,2828700,9.28055
2008-01-14,9.06,9.39,9.05,9.33,3505500,9.21144
2008-01-11,9.16,9.23,8.90,9.07,2071500,8.95475
2008-01-10,9.13,9.37,9.08,9.19,3561100,9.07322
2008-01-09,8.85,9.16,8.80,9.12,2379200,9.00411
2008-01-08,9.18,9.26,8.78,8.90,3747800,8.78691
2008-01-07,9.09,9.25,8.96,9.17,3152900,9.05348
2008-01-04,9.28,9.28,8.95,9.12,2979200,9.00411
2008-01-03,9.05,9.35,8.98,9.24,4150900,9.12259
2008-01-02,8.75,9.22,8.70,9.10,5908600,8.98437
2008-01-01,8.68,8.68,8.68,8.68,000,8.5697
2007-12-31,8.68,8.68,8.68,8.68,000,8.5697
2007-12-28,8.58,8.69,8.51,8.68,3054700,8.5697
2007-12-27,8.66,8.72,8.50,8.56,2819900,8.45123
2007-12-26,8.45,8.63,8.38,8.63,3353800,8.52034
2007-12-25,8.40,8.46,8.33,8.39,1979700,8.28339
2007-12-24,8.40,8.54,8.36,8.43,3213600,8.32288
2007-12-21,8.29,8.50,8.26,8.38,2139400,8.27352
2007-12-20,8.28,8.41,8.26,8.36,3969200,8.25377
2007-12-19,8.05,8.23,8.05,8.20,1897700,8.0958
2007-12-18,8.19,8.23,7.96,7.99,2086700,7.88847
2007-12-17,8.16,8.40,8.15,8.20,3462400,8.0958
2007-12-14,7.80,8.17,7.70,8.15,2672300,8.04644
2007-12-13,8.23,8.43,7.88,7.95,6395000,7.84898
2007-12-12,7.90,8.19,7.83,8.10,4104500,7.99707
2007-12-11,7.95,8.03,7.76,7.93,6084200,7.82923
2007-12-10,7.57,7.94,7.55,7.86,3310200,7.76012
2007-12-07,7.48,7.69,7.46,7.66,1812700,7.56266
2007-12-06,7.52,7.55,7.40,7.48,892800,7.38495
2007-12-05,7.42,7.48,7.36,7.48,1178200,7.38495
2007-12-04,7.55,7.60,7.41,7.43,841200,7.33559
2007-12-03,7.48,7.65,7.38,7.55,2275100,7.45406
2007-11-30,7.49,7.50,7.32,7.45,1948400,7.35533
2007-11-29,7.23,7.39,7.23,7.36,878700,7.26648
2007-11-28,7.50,7.50,7.18,7.23,994900,7.13813
2007-11-27,7.08,7.30,7.05,7.15,572800,7.05915
2007-11-26,7.35,7.45,7.13,7.14,685100,7.04927
2007-11-23,7.00,7.28,6.99,7.28,777300,7.18749
2007-11-22,7.36,7.36,7.03,7.05,1192200,6.96042
2007-11-21,7.62,7.65,7.46,7.46,1561500,7.36521
2007-11-20,7.60,7.72,7.51,7.63,2639600,7.53305
2007-11-19,7.31,7.65,7.31,7.60,2861100,7.50343
2007-11-16,7.20,7.32,7.18,7.29,963700,7.19737
2007-11-15,7.28,7.35,7.18,7.31,2522100,7.21711
2007-11-14,7.00,7.27,7.00,7.27,2037600,7.17762
2007-11-13,6.86,7.10,6.86,7.00,1683000,6.91105
2007-11-12,6.85,6.90,6.73,6.84,1145200,6.75308
2007-11-09,6.81,6.92,6.77,6.85,808200,6.76296
2007-11-08,7.00,7.09,6.80,6.81,1123300,6.72347
2007-11-07,7.17,7.18,6.88,6.98,892700,6.89131
2007-11-06,7.11,7.23,7.05,7.16,1141400,7.06902
2007-11-05,6.73,7.13,6.73,7.09,1357200,6.99991
2007-11-02,7.02,7.02,6.82,6.88,1464400,6.79258
2007-11-01,7.27,7.30,7.11,7.11,1552300,7.01965
2007-10-31,7.05,7.40,7.03,7.27,2430000,7.17762
2007-10-30,6.81,7.07,6.81,7.02,1123400,6.9308
2007-10-29,6.73,6.83,6.67,6.80,1193000,6.71359
2007-10-26,6.78,6.85,6.58,6.73,1318100,6.64448
2007-10-25,7.40,7.40,6.68,6.68,2320300,6.59512
2007-10-24,7.37,7.51,7.36,7.42,1811900,7.32571
2007-10-23,7.50,7.56,7.11,7.35,1483100,7.2566
2007-10-22,7.81,7.81,7.50,7.50,1294000,7.4047
2007-10-19,7.70,7.94,7.70,7.82,1918600,7.72063
2007-10-18,8.01,8.01,7.62,7.63,2372800,7.53305
2007-10-17,7.90,8.05,7.81,8.02,2200000,7.91809
2007-10-16,7.89,7.99,7.66,7.94,2459400,7.83911
2007-10-15,8.05,8.10,7.53,7.89,3524300,7.78974
2007-10-12,8.67,8.74,7.80,8.15,5377000,8.04644
2007-10-11,8.65,8.71,8.49,8.67,3691900,8.55983
2007-10-10,8.80,8.80,8.57,8.65,3378300,8.54008
2007-10-09,8.50,8.79,8.48,8.78,3174000,8.66843
2007-10-08,9.20,9.27,8.60,8.62,5012000,8.51047
2007-10-05,9.11,9.11,9.11,9.11,000,8.99424
2007-10-04,9.11,9.11,9.11,9.11,000,8.99424
2007-10-03,9.11,9.11,9.11,9.11,000,8.99424
2007-10-02,9.11,9.11,9.11,9.11,000,8.99424
2007-10-01,9.11,9.11,9.11,9.11,000,8.99424
2007-09-28,9.16,9.22,9.03,9.11,4104800,8.99424
2007-09-27,9.10,9.20,8.93,9.07,2466700,8.95475
2007-09-26,9.29,9.45,8.90,9.03,3433600,8.91526
2007-09-25,9.68,9.69,9.25,9.37,4161600,9.25094
2007-09-24,9.42,9.97,9.32,9.69,9615100,9.56687
2007-09-21,9.42,9.45,8.96,9.19,3790600,9.07322
2007-09-20,9.31,9.45,9.11,9.38,3650800,9.26081
2007-09-19,9.66,9.67,9.20,9.25,4834100,9.13246
2007-09-18,9.59,9.95,9.42,9.68,8560700,9.557
2007-09-17,9.27,9.27,9.27,9.27,000,9.15221
2007-09-14,9.08,9.35,8.85,9.27,5291500,9.15221
2007-09-13,9.00,9.12,8.80,9.07,4647200,8.95475
2007-09-12,9.24,9.46,8.50,9.00,8237600,8.88564
2007-09-11,10.35,10.45,9.29,9.29,14060900,9.17195
2007-09-10,9.28,10.32,9.13,10.32,16881200,10.18886
2007-09-07,9.00,9.80,8.75,9.38,12400000,9.26081
2007-09-06,9.10,9.23,9.01,9.10,5220600,8.98437
2007-09-05,8.95,9.24,8.70,9.02,4815200,8.90538
2007-09-04,9.00,9.25,8.88,8.94,6996100,8.8264
2007-09-03,8.71,8.99,8.71,8.90,6990600,8.78691
2007-08-31,8.56,8.78,8.56,8.60,4659200,8.49072
2007-08-30,8.24,8.62,8.20,8.50,3622100,8.39199
2007-08-29,8.40,8.50,8.12,8.18,3909400,8.07606
2007-08-28,8.75,8.78,8.50,8.55,4529200,8.44136
2007-08-27,8.51,8.90,8.28,8.89,8454700,8.77704
2007-08-24,8.44,8.59,8.42,8.47,4267800,8.36237
2007-08-23,8.50,8.56,8.34,8.45,3511900,8.34263
2007-08-22,8.29,8.59,8.21,8.46,5012500,8.3525
2007-08-21,8.38,8.50,8.31,8.36,3786600,8.25377
2007-08-20,8.29,8.39,8.21,8.36,3771100,8.25377
2007-08-17,8.10,8.28,8.09,8.10,2102800,7.99707
2007-08-16,8.06,8.25,8.00,8.18,2441600,8.07606
2007-08-15,8.34,8.39,7.92,8.14,3710300,8.03657
2007-08-14,8.25,8.40,8.08,8.35,3092200,8.2439
2007-08-13,8.20,8.59,8.05,8.25,5412300,8.14517
2007-08-10,8.25,8.52,8.00,8.17,3823000,8.06618
2007-08-09,8.30,8.38,8.18,8.25,3418100,8.14517
2007-08-08,8.42,8.67,8.07,8.27,4345500,8.16491
2007-08-07,8.67,8.74,8.31,8.50,6353800,8.39199
2007-08-06,8.80,8.88,8.51,8.67,7088200,8.55983
2007-08-03,8.41,9.00,8.36,8.77,13797300,8.65856
2007-08-02,7.65,8.35,7.65,8.34,8024200,8.23402
2007-08-01,8.14,8.28,7.45,7.60,7465100,7.50343
2007-07-31,8.20,8.49,8.10,8.15,12140700,8.04644
2007-07-30,7.35,8.03,7.31,8.03,7286400,7.92796
2007-07-27,7.15,7.35,7.03,7.30,3614800,7.20724
2007-07-26,7.05,7.29,6.94,7.20,3848900,7.10851
2007-07-25,6.85,7.10,6.84,7.02,2724300,6.9308
2007-07-24,6.85,7.12,6.81,6.84,3938100,6.75308
2007-07-23,6.60,6.85,6.51,6.81,3575200,6.72347
2007-07-20,6.29,6.52,6.29,6.50,2250400,6.4174
2007-07-19,6.25,6.34,6.16,6.29,654500,6.21007
2007-07-18,6.30,6.37,6.15,6.25,1348500,6.17058
2007-07-17,6.06,6.32,6.06,6.29,1194000,6.21007
2007-07-16,6.35,6.38,6.05,6.11,1390800,6.03236
2007-07-13,6.48,6.48,6.26,6.38,1135500,6.29893
2007-07-12,6.41,6.46,6.30,6.45,1605700,6.36804
2007-07-11,6.45,6.59,6.25,6.43,1559900,6.34829
2007-07-10,6.78,6.81,6.30,6.30,3519800,6.21995
2007-07-09,6.35,6.92,6.35,6.71,4679500,6.62474
2007-07-06,5.72,6.32,5.72,6.30,2230700,6.21007
2007-07-05,6.18,6.26,5.80,5.80,2382200,5.71721
2007-07-04,7.58,7.79,7.40,7.43,3374000,6.23883
2007-07-03,7.60,7.66,7.33,7.62,3279300,6.39837
2007-07-02,7.18,7.47,7.00,7.40,4237300,6.21363
2007-06-29,7.00,7.23,6.63,6.85,3407400,5.75181
2007-06-28,8.03,8.17,7.29,7.29,3170200,6.12127
2007-06-27,8.00,8.22,7.88001,8.10,2679100,6.80141
2007-06-26,7.40,8.00,7.30,7.99,4009000,6.70905
2007-06-25,8.38001,8.66,7.74,7.74,4533700,6.49913
2007-06-22,9.30,9.43,8.60,8.60,6219800,7.22125
2007-06-21,9.56,9.56,9.56,9.56,000,8.02735
2007-06-20,10.06001,10.15,9.46,9.56,7639200,8.02735
2007-06-19,9.40,10.11,9.37,10.05,7098000,8.43879
2007-06-18,9.20,9.68,9.18,9.54,6430000,8.01055
2007-06-15,9.00001,9.28,8.86,9.01,4828700,7.56551
2007-06-14,9.12,9.47,8.71,9.15,9606200,7.68307
2007-06-13,8.58,9.18,8.45,9.17,8196800,7.69987
2007-06-12,8.25999,8.55,7.65,8.45,6602200,7.09529
2007-06-11,8.29,8.40,8.18,8.22,4955000,6.90217
2007-06-08,8.15,8.30,8.06999,8.16,4835300,6.85179
2007-06-07,7.81999,8.17,7.77,8.15,4549500,6.84339
2007-06-06,7.50,8.00,7.50,7.84,6057700,6.58309
2007-06-05,7.10,7.84,6.74,7.80,7654900,6.54951
2007-06-04,8.45,8.62,7.49,7.49,7015300,6.28921
2007-06-01,9.11,9.52,8.30,8.31999,9452300,6.98613
2007-05-31,9.90,10.05,9.14,9.22,7862200,7.74185
2007-05-30,10.49999,10.99,10.15,10.15,9436500,8.52275
2007-05-29,11.10,11.40,10.98,11.28,8316000,9.47159
2007-05-28,11.03,11.40,11.01,11.14,11608400,9.35403
2007-05-25,10.49999,10.90,10.31001,10.82,10760900,9.08534
2007-05-24,10.89,10.99,10.21,10.49999,9178600,8.81664
2007-05-23,10.34,10.74999,10.34,10.74,10026600,9.01817
2007-05-22,10.29,10.55,10.24999,10.31001,8627400,8.65711
2007-05-21,9.74,10.30,9.66,10.23,6559800,8.58993
2007-05-18,10.01,10.28,9.93,10.04,4812000,8.43039
2007-05-17,9.80,10.05,9.77,9.99,4651100,8.38841
2007-05-16,9.60,9.83,9.39,9.76,4376200,8.19527
2007-05-15,10.10,10.20,9.60,9.65,4608400,8.10291
2007-05-14,10.00001,10.30,9.86,10.09,5111900,8.47237
2007-05-11,10.40,10.49999,10.13,10.24,5842800,8.59833
2007-05-10,10.78,10.83,10.48,10.63,12758600,8.9258
2007-05-09,10.18,10.88,9.90,10.87,14157100,9.12733
2007-05-08,9.91,10.20,9.80,10.20,7418300,8.56473
2007-05-07,9.93,9.93999,9.60,9.79,000,8.22047
2007-05-04,9.93,9.93999,9.60,9.79,000,8.22047
2007-05-03,9.93,9.93999,9.60,9.79,000,8.22047
2007-05-02,9.93,9.93999,9.60,9.79,000,8.22047
2007-05-01,9.93,9.93999,9.60,9.79,000,8.22047
2007-04-30,9.93,9.93999,9.60,9.79,6368000,8.22047
2007-04-27,10.16,10.40,9.90,9.97,5501700,8.37161
2007-04-26,10.16,10.16,10.16,10.16,000,8.53115
2007-04-25,10.28,10.40,9.60,10.16,7132200,8.53115
2007-04-24,10.63,10.63,10.24,10.32,9521100,8.6655
2007-04-23,10.41,10.87,10.36,10.63,11871700,8.9258
2007-04-20,9.51,10.32,9.51,10.23,13049200,8.58993
2007-04-19,9.10,10.00001,8.75,9.39,14130000,7.88459
2007-04-18,9.02,9.19001,8.80,9.12999,6725400,7.66628
2007-04-17,8.89,9.14,8.52,9.05,7729100,7.59911
2007-04-16,8.31999,8.90,8.31999,8.89,8255100,7.46475
2007-04-13,8.30,8.65,8.24,8.30,9031700,6.96935
2007-04-12,8.16,8.36,8.09,8.31999,6686600,6.98613
2007-04-11,7.95,8.20,7.92,8.16,6715600,6.85179
2007-04-10,8.00999,8.04,7.64,7.91,5459400,6.64187
2007-04-09,7.85,8.05,7.81999,8.00999,5874400,6.72583
2007-04-06,7.65,7.88001,7.62,7.83,4374100,6.57469
2007-04-05,7.69001,7.75999,7.62,7.74,3432600,6.49913
2007-04-04,7.58,7.71,7.47,7.70,4226300,6.46553
2007-04-03,7.55,7.67,7.44999,7.57001,2515600,6.35638
2007-04-02,7.25,7.55,7.25,7.55,3912200,6.33959
2007-03-30,7.10,7.34,7.00,7.25,2992900,6.08768
2007-03-29,7.66,7.69001,7.18,7.19,5738800,6.0373
2007-03-28,7.94,7.95,7.40,7.66,6513200,6.43195
2007-03-27,7.90,8.11,7.77,7.98,7120200,6.70065
2007-03-26,7.35,8.06999,7.30,7.92,8431600,6.65027
2007-03-23,7.03,7.35,6.99,7.35,5715500,6.17165
2007-03-22,7.09,7.30,6.96,7.03,4345600,5.90295
2007-03-21,7.02,7.09,6.94999,7.09,3684900,5.95333
2007-03-20,6.77,7.00,6.71,7.00,3707700,5.87776
2007-03-19,6.55,6.89,6.43,6.73,3740700,5.65105
2007-03-16,6.98,7.12,6.53,6.73,5722200,5.65105
2007-03-15,6.74,7.13,6.74,6.98,6338000,5.86097
2007-03-14,6.50,6.94999,6.15,6.75,6925200,5.66784
2007-03-13,6.60,6.69999,6.43,6.59,5821300,5.53349
2007-03-12,6.28,6.50,6.10,6.43,4552600,5.39915
2007-03-09,6.37,6.38999,6.16,6.28,3381800,5.27319
2007-03-08,6.26001,6.43,6.16,6.37,4976500,5.34877
2007-03-07,6.08,6.32,6.08,6.25,3952100,5.248
2007-03-06,6.17,6.17,6.00,6.08,2710400,5.10525
2007-03-05,6.36,6.50,5.93,6.19999,8259300,5.20601
2007-03-02,5.82999,6.28,5.79,6.28,7721300,5.27319
2007-03-01,5.95001,6.00,5.59,5.71,3662500,4.79457
2007-02-28,5.51001,5.97,5.51001,5.93,4003900,4.97931
2007-02-27,6.19999,6.50,5.57,5.57999,6976700,4.68541
2007-02-26,5.97,6.23,5.82999,6.19,5182300,5.19762
2007-02-23,5.86,6.06,5.82,5.93,000,4.97931
2007-02-22,5.86,6.06,5.82,5.93,000,4.97931
2007-02-21,5.86,6.06,5.82,5.93,000,4.97931
2007-02-20,5.86,6.06,5.82,5.93,000,4.97931
2007-02-19,5.86,6.06,5.82,5.93,000,4.97931
2007-02-16,5.86,6.06,5.82,5.93,5373300,4.97931
2007-02-15,5.75,5.87,5.74,5.82,3119300,4.88694
2007-02-14,5.66,5.82,5.65,5.74,3356500,4.81977
2007-02-13,5.63,5.65,5.52,5.65,2754000,4.74419
2007-02-12,5.48,5.61,5.43,5.60,2349000,4.70221
2007-02-09,5.55,5.55,5.40,5.45001,2306300,4.57626
2007-02-08,5.46,5.63999,5.34,5.52,3743500,4.63503
2007-02-07,5.41,5.50,5.38,5.46,2988900,4.58465
2007-02-06,5.24,5.52,5.24,5.48,4241200,4.60145
2007-02-05,5.00,5.16,5.00,5.10,1407800,4.28237
2007-02-02,5.18,5.38,5.04,5.04,2497300,4.23199
2007-02-01,5.11,5.25,5.03,5.15,2967800,4.32435
2007-01-31,5.50,5.57999,5.21,5.27,4369100,4.42511
2007-01-30,5.59,5.90,5.59,5.71,3621100,4.79457
2007-01-29,5.50,5.66,5.44,5.62,2802800,4.719
2007-01-26,5.45001,5.54,5.16,5.43,3838900,4.55947
2007-01-25,5.90,5.90,5.53,5.54,4094300,4.65183
2007-01-24,5.80,6.09,5.73,5.93,6074200,4.97931
2007-01-23,6.00,6.02,5.62,5.86,5579000,4.92053
2007-01-22,5.85,6.19999,5.78,6.07,7186300,5.09686
2007-01-19,5.88999,6.10,5.68,5.87,7215700,4.92892
2007-01-18,5.68,6.00,5.60,5.92,6025700,4.97091
2007-01-17,5.48,6.07,5.40,5.78,9518000,4.85335
2007-01-16,5.45001,5.68,5.30,5.55,6618000,4.66023
2007-01-15,5.21,5.59,4.95001,5.50,10340400,4.61824
2007-01-12,5.82,5.82,5.38999,5.50,20648100,4.61824
2007-01-11,5.00,5.29,4.98,5.29,5610200,4.44191
2007-01-10,4.63,4.81,4.57999,4.81,7153100,4.03886
2007-01-09,4.61,4.65,4.56,4.62,3287400,3.87932
2007-01-08,4.43,4.65,4.42,4.61,2878700,3.87093
2007-01-05,4.30,4.45,4.29,4.45,1808200,3.73658
2007-01-04,4.42,4.44,4.29,4.37,2525200,3.6694
2007-01-03,4.39001,4.48,4.38,4.42,000,3.71139
2007-01-02,4.39001,4.48,4.38,4.42,000,3.71139
2007-01-01,4.39001,4.48,4.38,4.42,000,3.71139
2006-12-29,4.39001,4.48,4.38,4.42,1630300,3.71139
2006-12-28,4.54,4.54,4.35,4.38,2387300,3.6778
2006-12-27,4.50,4.57999,4.45,4.51999,2145600,3.79535
2006-12-26,4.62,4.63,4.47,4.50,2509600,3.77856
2006-12-25,4.68,4.78,4.59,4.61,3003300,3.87093
2006-12-22,4.60,4.70999,4.50,4.69,4379000,3.9381
2006-12-21,4.78,4.96,4.63,4.63,5284600,3.88772
2006-12-20,4.55,4.82999,4.50,4.81,6360700,4.03886
2006-12-19,4.70999,4.74,4.50,4.57999,2916000,3.84573
2006-12-18,4.60,4.75,4.55,4.68,5601200,3.9297
2006-12-15,4.59,4.69,4.57,4.61,3239800,3.87093
2006-12-14,4.53,4.70999,4.50,4.62,5977700,3.87932
2006-12-13,4.54,4.64001,4.48,4.57,5367800,3.83734
2006-12-12,4.43,4.64001,4.32,4.51999,5232100,3.79535
2006-12-11,4.31,4.43,4.30,4.43,1201000,3.71978
2006-12-08,4.35,4.48,4.28,4.30,3542700,3.61062
2006-12-07,4.55,4.57999,4.39001,4.40,3358700,3.69459
2006-12-06,4.74,4.74,4.43,4.51999,3681700,3.79535
2006-12-05,4.72,4.85,4.63,4.74,6243700,3.98009
2006-12-04,4.64001,4.75,4.55,4.70001,6064400,3.9465
2006-12-01,4.69,4.74,4.54,4.66,4041200,3.91291
2006-11-30,4.64001,4.76,4.61,4.69,5453500,3.9381
2006-11-29,4.54,4.68,4.48,4.67,4470900,3.92131
2006-11-28,4.60,4.66,4.46,4.59,4340700,3.85413
2006-11-27,4.40,4.59,4.35,4.57999,6447800,3.84573
2006-11-24,4.31,4.44,4.17,4.42,4938800,3.71139
2006-11-23,4.30,4.40,4.23,4.32,1267300,3.62742
2006-11-22,4.30,4.44,4.20999,4.33001,3515300,3.63582
2006-11-21,4.45,4.48,4.26999,4.30,1812800,3.61062
2006-11-20,4.51999,4.56,4.42,4.47,5831800,3.75337
2006-11-17,4.31,4.51999,4.31,4.48,6070100,3.76177
2006-11-16,4.45,4.53,4.28,4.36,3829200,3.66101
2006-11-15,4.39001,4.51,4.34,4.43,5684300,3.71978
2006-11-14,4.22,4.41,4.20,4.41,5399300,3.70299
2006-11-13,4.34,4.43,4.18,4.28,5719700,3.59383
2006-11-10,4.20999,4.26999,4.13,4.16,1422400,3.49307
2006-11-09,4.11,4.20999,4.11,4.20999,996300,3.53505
2006-11-08,4.11,4.19,4.07,4.15,1262500,3.48467
2006-11-07,4.13,4.16,4.01999,4.12,1894100,3.45948
2006-11-06,4.17,4.19,4.10,4.12,1534500,3.45948
2006-11-03,4.18,4.23,4.16,4.17,1209300,3.50147
2006-11-02,4.29,4.29,4.15,4.18,1543100,3.50986
2006-11-01,4.29,4.30,4.22,4.28,944100,3.59383
2006-10-31,4.24,4.24,4.24,4.24,000,3.56024
2006-10-30,4.30,4.30,4.17,4.24,975700,3.56024
2006-10-27,4.28,4.35,4.20999,4.32,1185100,3.62742
2006-10-26,4.31,4.35,4.26999,4.28,1099800,3.59383
2006-10-25,4.42,4.44,4.24,4.31,1922100,3.61902
2006-10-24,4.34,4.49,4.34,4.45,2190700,3.73658
2006-10-23,4.60,4.63,4.32,4.35,2780500,3.65261
2006-10-20,4.70001,4.73,4.56,4.64001,3148700,3.89612
2006-10-19,4.65,4.79,4.62,4.72,4841900,3.96329
2006-10-18,4.39001,4.82,4.31,4.72,10411300,3.96329
2006-10-17,4.38,4.53,4.34,4.38,3218500,3.6778
2006-10-16,4.49,4.57,4.37,4.42,6373300,3.71139
2006-10-13,4.20,4.35,4.20,4.35,2550600,3.65261
2006-10-12,4.20999,4.25,4.17,4.20,1416200,3.52666
2006-10-11,4.30,4.31,4.20,4.20999,1846200,3.53505
2006-10-10,4.35,4.37,4.26,4.31,1988300,3.61902
2006-10-09,4.30,4.36,4.25,4.31,1855900,3.61902
2006-10-06,4.29,4.32,4.25,4.30,000,3.61062
2006-10-05,4.29,4.32,4.25,4.30,000,3.61062
2006-10-04,4.29,4.32,4.25,4.30,000,3.61062
2006-10-03,4.29,4.32,4.25,4.30,000,3.61062
2006-10-02,4.29,4.32,4.25,4.30,000,3.61062
2006-09-29,4.29,4.32,4.25,4.30,1771900,3.61062
2006-09-28,4.38,4.40,4.26,4.29,2234300,3.60223
2006-09-27,4.47,4.47,4.34,4.38,1836900,3.6778
2006-09-26,4.35,4.49,4.31,4.46,4057800,3.74497
2006-09-25,4.30,4.40,4.30,4.36,1510200,3.66101
2006-09-22,4.37,4.43,4.30,4.37,2492700,3.6694
2006-09-21,4.32,4.47,4.30,4.39001,3165300,3.6862
2006-09-20,4.32,4.33001,4.25,4.30,1629600,3.61062
2006-09-19,4.37,4.39001,4.29,4.34,1629800,3.64421
2006-09-18,4.30,4.41,4.30,4.37,2656100,3.6694
2006-09-15,4.19,4.26,4.16,4.25,1545200,3.56864
2006-09-14,4.16,4.20999,4.09,4.15,1481700,3.48467
2006-09-13,4.28,4.31,4.15,4.16,1371600,3.49307
2006-09-12,4.32,4.34,4.26,4.28,1185700,3.59383
2006-09-11,4.25,4.34,4.23,4.33001,1293600,3.63582
2006-09-08,4.26,4.35,4.20999,4.24,1420000,3.56024
2006-09-07,4.40,4.42,4.20999,4.28,1832200,3.59383
2006-09-06,4.46,4.48,4.29,4.39001,2356900,3.6862
2006-09-05,4.51999,4.54,4.38,4.46,2544200,3.74497
2006-09-04,4.22,4.49,4.22,4.48,4200800,3.76177
2006-09-01,4.36,4.38,4.20,4.22,2247200,3.54345
2006-08-31,4.19,4.40,4.16,4.35,4512800,3.65261
2006-08-30,4.05,4.22,4.04,4.18,1680400,3.50986
2006-08-29,4.15,4.15,4.06,4.06,1411000,3.4091
2006-08-28,4.01999,4.11,3.98,4.10,1895600,3.44269
2006-08-25,4.01,4.06,3.97,3.98,693400,3.34193
2006-08-24,3.97,4.01999,3.95,4.01,514000,3.36712
2006-08-23,4.06,4.07,3.97,3.98,969500,3.34193
2006-08-22,4.00,4.07,3.95999,4.03,1374300,3.38391
2006-08-21,3.74,3.99,3.70999,3.98,1155100,3.34193
2006-08-18,3.97,4.01999,3.88,3.88,1150200,3.25796
2006-08-17,3.89,3.97,3.84,3.94,1770100,3.30834
2006-08-16,3.80,3.92,3.76999,3.90,1196900,3.27475
2006-08-15,3.76999,3.80,3.70,3.80,727200,3.19078
2006-08-14,3.85,3.86,3.72,3.73,728300,3.13201
2006-08-11,3.80,3.88,3.78,3.86,586100,3.24117
2006-08-10,3.75,3.85,3.70999,3.83001,681300,3.21598
2006-08-09,3.82,3.83001,3.73,3.75,688200,3.1488
2006-08-08,3.70,3.88,3.70,3.82,890300,3.20758
2006-08-07,3.85,3.85,3.64,3.66,1102400,3.07323
2006-08-04,4.09,4.10,3.86,3.88,715200,3.25796
2006-08-03,4.00,4.07,4.00,4.04,652400,3.39231
2006-08-02,4.05,4.08001,3.95,4.03,721900,3.38391
2006-08-01,4.01999,4.10,4.00,4.01999,946100,3.37551
2006-07-31,4.22,4.23,4.00,4.00,1613300,3.35872
2006-07-28,4.30,4.38,4.17,4.22,1424000,3.54345
2006-07-27,4.32,4.41,4.28,4.33001,1081700,3.63582
2006-07-26,4.42,4.44,4.34,4.35,1394900,3.65261
2006-07-25,4.48,4.50,4.41,4.44,1896900,3.72818
2006-07-24,4.40,4.50,4.13,4.48,1616700,3.76177
2006-07-21,4.42,4.50,4.38,4.45,2597500,3.73658
2006-07-20,4.42,4.50,4.30,4.42,3316900,3.71139
2006-07-19,4.30,4.48,4.22,4.41,4958400,3.70299
2006-07-18,4.30,4.30,4.17,4.28,1143300,3.59383
2006-07-17,4.20,4.26,4.14001,4.26,1404200,3.57704
2006-07-14,4.10,4.35,4.10,4.23,2364800,3.55185
2006-07-13,4.43,4.49,4.12,4.12,3075200,3.43977
2006-07-12,4.57,4.64001,4.45,4.46,3132800,3.72363
2006-07-11,4.57,4.68,4.50,4.62,3269200,3.85722
2006-07-10,4.47,4.64001,4.42,4.59,4191000,3.83217
2006-07-07,4.49,4.54,4.37,4.38,2140900,3.65684
2006-07-06,4.28,4.50,4.24,4.48,4357800,3.74033
2006-07-05,4.40,4.40,4.20999,4.29,1596500,3.5817
2006-07-04,4.30,4.44,4.26,4.42,3546700,3.69024
2006-07-03,4.26999,4.37,4.25,4.31,2369800,3.5984
2006-06-30,4.39001,4.44,4.22,4.25,2803300,3.54831
2006-06-29,4.37,4.44,4.33001,4.39001,2746100,3.66519
2006-06-28,4.29,4.48,4.23,4.37,3341500,3.64849
2006-06-27,4.26999,4.36,4.20,4.30,2637500,3.59005
2006-06-26,4.12,4.43,4.08001,4.29,4515400,3.5817
2006-06-23,3.95999,4.07,3.93,4.07,1225100,3.39803
2006-06-22,4.08001,4.09,3.95,3.99,1176800,3.33123
2006-06-21,4.05,4.13,4.01,4.08001,2198000,3.40638
2006-06-20,4.00,4.05,3.91,4.04,1115100,3.37297
2006-06-19,3.95,4.05,3.88,4.00,1177500,3.33958
2006-06-16,3.88,3.97,3.88,3.95999,1046300,3.30618
2006-06-15,3.87,3.93,3.86,3.88,551700,3.2394
2006-06-14,3.83001,3.89,3.78,3.87,782500,3.23105
2006-06-13,3.80,3.91,3.76999,3.83001,776000,3.19765
2006-06-12,3.85,3.90,3.70999,3.85,1044000,3.21434
2006-06-09,4.00,4.14001,3.88,3.90,3824700,3.25609
2006-06-08,3.74,3.86,3.68,3.83001,1805500,3.19765
2006-06-07,4.15,4.15,3.74,3.75,2633300,3.13086
2006-06-06,4.29,4.32,4.15,4.16,2387800,3.47316
2006-06-05,4.25,4.33001,4.18,4.30,3062900,3.59005
2006-06-02,4.19,4.37,4.08001,4.26999,5172500,3.565
2006-06-01,4.05,4.20999,4.05,4.18,3679700,3.48986
2006-05-31,4.20,4.22,4.04,4.08001,2545000,3.40638
2006-05-30,4.14001,4.30,4.11,4.22,3784200,3.52325
2006-05-29,4.12,4.16,4.01999,4.14001,2648100,3.45647
2006-05-26,4.15,4.20,4.04,4.12,2510500,3.43977
2006-05-25,3.90,4.16,3.86,4.14001,6662700,3.45647
2006-05-24,3.78,3.95,3.65,3.78,1989400,3.1559
2006-05-23,4.08001,4.10,3.80,3.80,2802300,3.1726
2006-05-22,4.13,4.20999,4.07,4.12,3244500,3.43977
2006-05-19,4.01,4.14001,4.00,4.11,3342000,3.43142
2006-05-18,4.07,4.07,4.07,4.07,000,3.39803
2006-05-17,4.11,4.20999,3.95,4.07,4229800,3.39803
2006-05-16,4.22,4.41,4.04,4.11,9326800,3.43142
2006-05-15,3.79,4.03,3.79,4.03,9558300,3.36462
2006-05-12,3.51,3.67,3.48,3.66,3017200,3.05571
2006-05-11,3.63,3.79,3.55,3.55,4152000,2.96388
2006-05-10,3.68,3.73,3.60,3.65,4045500,3.04736
2006-05-09,3.56,3.76,3.49,3.70,4681700,3.08912
2006-05-08,3.60,3.65,3.42,3.57,2842600,2.98058
2006-05-05,3.63,3.75,3.58001,3.63,000,3.03067
2006-05-04,3.63,3.75,3.58001,3.63,000,3.03067
2006-05-03,3.63,3.75,3.58001,3.63,000,3.03067
2006-05-02,3.63,3.75,3.58001,3.63,000,3.03067
2006-05-01,3.63,3.75,3.58001,3.63,000,3.03067
2006-04-28,3.63,3.75,3.58001,3.63,5757800,3.03067
2006-04-27,3.52001,3.61,3.41,3.61,3170900,3.01397
2006-04-26,3.45,3.63,3.38,3.55,2655300,2.96388
2006-04-25,3.57,3.57,3.39,3.45,1971600,2.88039
2006-04-24,3.57,3.66,3.55,3.57,2021600,2.98058
2006-04-21,3.65,3.69,3.52001,3.57,2077100,2.98058
2006-04-20,3.82,3.82,3.62,3.65,2478100,3.04736
2006-04-19,3.69,3.87,3.53,3.84,4496500,3.20599
2006-04-18,3.84,3.85,3.68,3.70,1793600,3.08912
2006-04-17,3.70999,3.85,3.68,3.83001,2654700,3.19765
2006-04-14,3.61,3.72,3.59,3.72,1709800,3.10581
2006-04-13,3.75,3.88,3.61,3.62,2461900,3.02232
2006-04-12,3.85,3.86,3.76,3.78,2056800,3.1559
2006-04-11,3.95999,3.95999,3.82,3.89,2590700,3.24775
2006-04-10,3.87,4.00,3.81,3.93,4030200,3.28114
2006-04-07,3.63,3.85,3.61,3.84,4437600,3.20599
2006-04-06,3.64,3.76999,3.54,3.66,3164700,3.05571
2006-04-05,3.67,3.68,3.60,3.65,1835700,3.04736
2006-04-04,3.65,3.70,3.58001,3.68,2873800,3.07241
2006-04-03,3.53,3.70,3.53,3.68,4151000,3.07241
2006-03-31,3.39999,3.53,3.38,3.53,3028300,2.94718
2006-03-30,3.34,3.53,3.33001,3.43,3515400,2.86369
2006-03-29,3.38,3.39999,3.33001,3.36,1419500,2.80525
2006-03-28,3.37,3.39,3.34,3.38,962900,2.82195
2006-03-27,3.32,3.38,3.26,3.37,969800,2.8136
2006-03-24,3.38,3.38,3.30,3.32,1133500,2.77185
2006-03-23,3.35,3.39,3.32,3.38,1659500,2.82195
2006-03-22,3.24,3.34,3.23,3.34,1522000,2.78855
2006-03-21,3.29,3.30,3.24,3.24,1237700,2.70506
2006-03-20,3.22,3.31,3.20,3.28,1947000,2.73845
2006-03-17,3.17,3.24,3.14999,3.22,1350400,2.68836
2006-03-16,3.16,3.19,3.14,3.18,427000,2.65497
2006-03-15,3.16,3.19,3.14999,3.18,512300,2.65497
2006-03-14,3.20,3.20999,3.14,3.16,516800,2.63827
2006-03-13,3.19,3.22,3.16,3.19,1369700,2.66332
2006-03-10,3.12,3.16,3.10,3.16,727900,2.63827
2006-03-09,3.07,3.14,3.06,3.13,769800,2.61322
2006-03-08,3.11,3.13,3.02001,3.08001,794300,2.57148
2006-03-07,3.16,3.16,3.09,3.11,727500,2.59652
2006-03-06,3.12,3.16,3.12,3.16,508800,2.63827
2006-03-03,3.11,3.16,3.10,3.14999,532500,2.62992
2006-03-02,3.18,3.18,3.11,3.13,1052600,2.61322
2006-03-01,3.22,3.24,3.14,3.20,763600,2.67167
2006-02-28,3.20999,3.20999,3.10,3.18,797400,2.65497
2006-02-27,3.24,3.25,3.20,3.20999,618500,2.68001
2006-02-24,3.20,3.24,3.18,3.24,776500,2.70506
2006-02-23,3.20,3.22,3.14999,3.20,527900,2.67167
2006-02-22,3.18,3.22,3.14999,3.20999,1117900,2.68001
2006-02-21,3.16,3.18,3.09,3.16,998100,2.63827
2006-02-20,3.14999,3.25,3.09,3.16,1679800,2.63827
2006-02-17,3.23,3.29,3.12,3.13,1872000,2.61322
2006-02-16,3.35,3.35,3.20999,3.24,2429000,2.70506
2006-02-15,3.35,3.35,3.35,3.35,000,2.7969
2006-02-14,3.26,3.39999,3.22,3.35,5790100,2.7969
2006-02-13,4.18,4.18,4.18,4.18,000,3.48986
2006-02-10,4.18,4.18,4.18,4.18,000,3.48986
2006-02-09,4.18,4.18,4.18,4.18,000,3.48986
2006-02-08,4.18,4.18,4.18,4.18,000,3.48986
2006-02-07,4.18,4.18,4.18,4.18,000,3.48986
2006-02-06,4.18,4.18,4.18,4.18,000,3.48986
2006-02-03,4.18,4.18,4.18,4.18,000,3.48986
2006-02-02,4.18,4.18,4.18,4.18,000,3.48986
2006-02-01,4.18,4.18,4.18,4.18,000,3.48986
2006-01-31,4.18,4.18,4.18,4.18,000,3.48986
2006-01-30,4.18,4.18,4.18,4.18,000,3.48986
2006-01-27,4.18,4.18,4.18,4.18,000,3.48986
2006-01-26,4.18,4.18,4.18,4.18,000,3.48986
2006-01-25,4.18,4.18,4.18,4.18,000,3.48986
2006-01-24,4.18,4.18,4.18,4.18,000,3.48986
2006-01-23,4.18,4.18,4.18,4.18,000,3.48986
2006-01-20,4.18,4.18,4.18,4.18,000,3.48986
2006-01-19,4.18,4.18,4.18,4.18,000,3.48986
2006-01-18,4.18,4.18,4.18,4.18,000,3.48986
2006-01-17,4.18,4.18,4.18,4.18,000,3.48986
2006-01-16,4.18,4.18,4.18,4.18,000,3.48986
2006-01-13,4.18,4.18,4.18,4.18,000,3.48986
2006-01-12,4.18,4.18,4.18,4.18,000,3.48986
2006-01-11,4.18,4.18,4.18,4.18,000,3.48986
2006-01-10,4.18,4.18,4.18,4.18,000,3.48986
2006-01-09,4.18,4.18,4.18,4.18,000,3.48986
2006-01-06,4.18,4.18,4.18,4.18,000,3.48986
2006-01-05,4.18,4.18,4.18,4.18,000,3.48986
2006-01-04,4.18,4.18,4.18,4.18,000,3.48986
2006-01-03,4.13,4.23,4.12,4.18,000,3.48986
2006-01-02,4.13,4.23,4.12,4.18,000,3.48986
2005-12-30,4.13,4.23,4.12,4.18,2353700,3.48986
2005-12-29,4.01,4.15,4.00,4.13,2027800,3.44812
2005-12-28,4.00,4.01999,3.95999,4.01999,735200,3.35627
2005-12-27,3.97,4.01999,3.95999,3.99,606200,3.33123
2005-12-26,3.98,3.99,3.92,3.97,603100,3.31453
2005-12-23,3.89,3.97,3.89,3.97,695800,3.31453
2005-12-22,3.90,3.94,3.87,3.89,585700,3.24775
2005-12-21,3.87,3.94,3.86,3.92,1090500,3.27279
2005-12-20,3.88,3.88,3.83001,3.87,764300,3.23105
2005-12-19,3.79,3.88,3.73,3.87,2087400,3.23105
2005-12-16,3.70,3.70,3.70,3.70,000,3.08912
2005-12-15,3.70,3.70,3.70,3.70,000,3.08912
2005-12-14,3.70,3.70,3.70,3.70,000,3.08912
2005-12-13,3.70,3.70,3.70,3.70,000,3.08912
2005-12-12,3.70,3.70,3.70,3.70,000,3.08912
2005-12-09,3.70,3.70,3.70,3.70,000,3.08912
2005-12-08,3.70,3.70,3.70,3.70,000,3.08912
2005-12-07,3.70,3.70,3.70,3.70,000,3.08912
2005-12-06,3.70,3.70,3.70,3.70,000,3.08912
2005-12-05,3.70,3.70,3.70,3.70,000,3.08912
2005-12-02,3.70,3.70,3.70,3.70,000,3.08912
2005-12-01,3.70,3.70,3.70,3.70,000,3.08912
2005-11-30,3.70,3.70,3.70,3.70,000,3.08912
2005-11-29,3.70,3.70,3.70,3.70,000,3.08912
2005-11-28,3.70,3.70,3.70,3.70,000,3.08912
2005-11-25,3.68,3.73,3.68,3.70,268600,3.08912
2005-11-24,3.70999,3.72,3.65,3.68,314100,3.07241
2005-11-23,3.64,3.70,3.63,3.69,476800,3.08077
2005-11-22,3.76,3.78,3.67,3.67,389200,3.06406
2005-11-21,3.79,3.82,3.75,3.79,508000,3.16425
2005-11-18,3.69,3.81,3.66,3.79,871500,3.16425
2005-11-17,3.73,3.78,3.70,3.73,516300,3.11416
2005-11-16,3.61,3.73,3.58001,3.73,604200,3.11416
2005-11-15,3.70,3.79,3.60,3.61,1089000,3.01397
2005-11-14,3.88,3.93,3.76,3.76999,3322100,3.14755
2005-11-11,3.69,3.70999,3.61,3.70,585500,3.08912
2005-11-10,3.78,3.78,3.63,3.65,1056800,3.04736
2005-11-09,3.75,3.79,3.70999,3.70999,483900,3.09746
2005-11-08,3.70999,3.82,3.65,3.80,1093600,3.1726
2005-11-07,3.73,3.73,3.62,3.70999,504200,3.09746
2005-11-04,3.66,3.82,3.62,3.75,1757300,3.13086
2005-11-03,3.59,3.67,3.55,3.66,1339800,3.05571
2005-11-02,3.50,3.62,3.43,3.59,1044100,2.99727
2005-11-01,3.57,3.58001,3.39999,3.50,937800,2.92213
2005-10-31,3.55,3.61,3.50,3.57,887100,2.98058
2005-10-28,3.88,3.90,3.47,3.62,1518800,3.02232
2005-10-27,3.84,3.90,3.76999,3.86,727500,3.22269
2005-10-26,4.09,4.12,3.86,3.87,1107900,3.23105
2005-10-25,4.20,4.22,4.08001,4.10,870600,3.42307
2005-10-24,4.19,4.23,4.17,4.20,904500,3.50656
2005-10-21,4.20999,4.26,4.18,4.19,832100,3.49821
2005-10-20,4.13,4.22,4.07,4.22,871000,3.52325
2005-10-19,4.20,4.26,4.11,4.13,1028400,3.44812
2005-10-18,4.19,4.24,4.13,4.22,1261800,3.52325
2005-10-17,4.10,4.20,4.00,4.19,712900,3.49821
2005-10-14,4.17,4.17,4.06,4.09,721700,3.41472
2005-10-13,4.16,4.24,4.15,4.17,1140900,3.48151
2005-10-12,4.15,4.20,4.09,4.16,1128200,3.47316
2005-10-11,4.00,4.18,4.00,4.16,1187500,3.47316
2005-10-10,4.36,4.36,4.01999,4.05,1698900,3.38133
2005-10-07,4.67,4.68,4.38,4.41,000,3.68189
2005-10-06,4.67,4.68,4.38,4.41,000,3.68189
2005-10-05,4.67,4.68,4.38,4.41,000,3.68189
2005-10-04,4.67,4.68,4.38,4.41,000,3.68189
2005-10-03,4.67,4.68,4.38,4.41,000,3.68189
2005-09-30,4.67,4.68,4.38,4.41,2388800,3.68189
2005-09-29,4.60,4.72,4.55,4.67,3974200,3.89896
2005-09-28,4.57999,4.74,4.51999,4.60,4656900,3.84052
2005-09-27,4.36,4.78,4.15,4.62,5445800,3.85722
2005-09-26,4.28,4.39001,4.28,4.36,865800,3.64014
2005-09-23,4.20,4.37,4.16,4.33001,1519300,3.6151
2005-09-22,4.33001,4.41,4.03,4.20999,1511600,3.5149
2005-09-21,4.51,4.51,4.31,4.34,1435500,3.62344
2005-09-20,4.57999,4.61,4.47,4.51,1244500,3.76538
2005-09-19,4.55,4.62,4.47,4.61,1421800,3.84887
2005-09-16,4.50,4.57,4.47,4.55,996800,3.79877
2005-09-15,4.57,4.57,4.49,4.51,1225200,3.76538
2005-09-14,4.60,4.62,4.51,4.57999,1462600,3.82382
2005-09-13,4.50,4.57,4.48,4.57,1307400,3.81547
2005-09-12,4.43,4.56,4.40,4.50,801000,3.75703
2005-09-09,4.45,4.50,4.41,4.43,1050000,3.69859
2005-09-08,4.49,4.55,4.36,4.46,1640600,3.72363
2005-09-07,4.16,4.50,4.15,4.49,2592600,3.74868
2005-09-06,4.36,4.36,4.14001,4.17,1537800,3.48151
2005-09-05,4.35,4.37,4.28,4.35,1137600,3.63179
2005-09-02,4.30,4.35,4.19,4.31,1763200,3.5984
2005-09-01,4.12,4.35,4.10,4.22,2622800,3.52325
2005-08-31,4.01999,4.13,3.95999,4.10,1101600,3.42307
2005-08-30,3.94,4.13,3.90,4.01999,1231200,3.35627
2005-08-29,4.01,4.05,3.91,3.94,917200,3.28949
2005-08-26,3.92,4.04,3.92,3.99,1192700,3.33123
2005-08-25,3.91,3.91,3.84,3.91,750500,3.26444
2005-08-24,3.84,3.94,3.84,3.87,740100,3.23105
2005-08-23,4.00,4.00,3.81,3.84,1455100,3.20599
2005-08-22,3.81,4.01999,3.80,4.01,2631100,3.34793
2005-08-19,3.65,3.82,3.60,3.75,1260700,3.13086
2005-08-18,3.79,3.93,3.65,3.65,1423600,3.04736
2005-08-17,3.70,3.82,3.63,3.79,988900,3.16425
2005-08-16,3.75,3.75,3.65,3.69,687900,3.08077
2005-08-15,3.54,3.74,3.54,3.72,876400,3.10581
2005-08-12,3.65,3.69,3.51,3.58001,1027900,2.98893
2005-08-11,3.66,3.68,3.61,3.68,823000,3.07241
2005-08-10,3.60,3.68,3.55,3.67,962900,3.06406
2005-08-09,3.52001,3.60,3.48,3.60,893200,3.00562
2005-08-08,3.50,3.60,3.50,3.54,1063300,2.95553
2005-08-05,3.38,3.50,3.38,3.49,792700,2.91378
2005-08-04,3.39999,3.39999,3.34,3.38,462400,2.82195
2005-08-03,3.34,3.47,3.32,3.39999,1128000,2.83864
2005-08-02,3.35,3.38,3.30,3.35,937800,2.7969
2005-08-01,3.20999,3.29,3.18,3.28,489300,2.73845
2005-07-29,3.28,3.28,3.17,3.20,527500,2.67167
2005-07-28,3.13,3.33001,3.13,3.31,817400,2.7635
2005-07-27,3.16,3.19,3.06,3.18,390600,2.65497
2005-07-26,3.09,3.16,3.08001,3.14999,383700,2.62992
2005-07-25,3.05,3.09,3.05,3.09,160900,2.57982
2005-07-22,3.00,3.10,3.00,3.08001,480300,2.57148
2005-07-21,3.01,3.05,2.98,3.00,317600,2.50469
2005-07-20,2.95,3.00,2.92,3.00,294000,2.50469
2005-07-19,2.88,3.01,2.88,2.97,191400,2.47964
2005-07-18,3.03,3.05,2.86,2.88,303600,2.4045
2005-07-15,3.20,3.26,3.08001,3.11,346400,2.51811
2005-07-14,3.20999,3.25,3.18,3.25,342200,2.63147
2005-07-13,3.24,3.24,3.16,3.20,150200,2.59099
2005-07-12,3.14,3.26,3.11,3.25,276000,2.63147
2005-07-11,3.16,3.37,3.14999,3.14999,211100,2.5505
2005-07-08,3.38,3.38,3.20,3.20999,210100,2.59908
2005-07-07,3.39999,3.43,3.35,3.42,150700,2.76912
2005-07-06,3.35,3.42,3.35,3.39999,180900,2.75292
2005-07-05,3.38,3.41,3.32,3.37,176400,2.72863
2005-07-04,3.32,3.39,3.26,3.37,318800,2.72863
2005-07-01,3.56,3.56,3.33001,3.35,446000,2.71244
2005-06-30,3.70,3.74,3.55,3.56,354900,2.88247
2005-06-29,3.81,3.81,3.74,3.75,149700,3.03631
2005-06-28,3.86,3.86,3.76,3.76999,250000,3.0525
2005-06-27,3.85,3.93,3.83001,3.91,498400,3.16586
2005-06-24,3.75,3.80,3.74,3.79,265400,3.0687
2005-06-23,3.79,3.84,3.78,3.79,226500,3.0687
2005-06-22,3.84,3.88,3.78,3.83001,269800,3.10109
2005-06-21,3.83001,3.88,3.76,3.83001,307500,3.10109
2005-06-20,3.78,3.86,3.60,3.83001,482000,3.10109
2005-06-17,3.78,3.82,3.73,3.78,223900,3.0606
2005-06-16,3.75,3.80,3.70,3.78,261900,3.0606
2005-06-15,3.85,3.85,3.69,3.70,406000,2.99583
2005-06-14,4.03,4.04,3.86,3.88,451800,3.14157
2005-06-13,4.00,4.05,3.88,3.98,469900,3.22254
2005-06-10,4.14001,4.16,3.98,4.00,1614200,3.23874
2005-06-09,3.95,4.31,3.86,4.25,2980400,3.44116
2005-06-08,3.72,3.99,3.68,3.97,1467700,3.21444
2005-06-07,3.64,3.73,3.57,3.72,685500,3.01202
2005-06-06,3.55,3.64,3.52001,3.63,353000,2.93915
2005-06-03,3.68,3.72,3.50,3.62,783500,2.93105
2005-06-02,3.73,3.92,3.73,3.75,2511400,3.03631
2005-06-01,3.64,3.70,3.57,3.68,426100,2.97964
2005-05-31,3.62,3.67,3.59,3.63,315200,2.93915
2005-05-30,3.56,3.64,3.52001,3.62,206700,2.93105
2005-05-27,3.52001,3.69,3.51,3.58001,625000,2.89867
2005-05-26,3.65,3.67,3.55,3.55,315000,2.87438
2005-05-25,3.59,3.66,3.51,3.61,494300,2.92296
2005-05-24,3.30,3.60,3.30,3.58001,473000,2.89867
2005-05-23,3.58001,3.58001,3.58001,3.58001,000,2.89867
2005-05-20,3.61,3.65,3.56,3.58001,218800,2.89867
2005-05-19,3.65,3.65,3.55,3.62,207700,2.93105
2005-05-18,3.63,3.66,3.56,3.66,346600,2.96344
2005-05-17,3.51,3.66,3.51,3.65,427000,2.95534
2005-05-16,3.79,3.79,3.50,3.64,745800,2.94725
2005-05-13,3.50,3.76999,3.50,3.76999,972600,3.0525
2005-05-12,3.32,3.45999,3.32,3.43,424700,2.77721
2005-05-11,3.39,3.47,3.34,3.35,321800,2.71244
2005-05-10,3.51,3.62,3.32,3.45,470000,2.79341
2005-05-09,3.95,3.95999,3.66,3.69,326700,2.98773
2005-05-06,3.95,4.04,3.91,3.95,000,3.19825
2005-05-05,3.95,4.04,3.91,3.95,000,3.19825
2005-05-04,3.95,4.04,3.91,3.95,000,3.19825
2005-05-03,3.95,4.04,3.91,3.95,000,3.19825
2005-05-02,3.95,4.04,3.91,3.95,000,3.19825
2005-04-29,3.95,4.04,3.91,3.95,278700,3.19825
2005-04-28,3.84,4.03,3.75,4.03,427000,3.26302
2005-04-27,3.95,3.97,3.82,3.84,265000,3.10918
2005-04-26,3.80,4.09,3.80,3.99,443800,3.23064
2005-04-25,3.97,3.97,3.66,3.88,506400,3.14157
2005-04-22,4.30,4.35,3.88,4.00,817700,3.23874
2005-04-21,4.50,4.53,4.26,4.31,497100,3.48974
2005-04-20,4.57,4.57999,4.32,4.48,627700,3.62738
2005-04-19,4.68,4.72,4.51,4.59,424300,3.71644
2005-04-18,4.70999,4.76999,4.57999,4.68,717400,3.78932
2005-04-15,4.53,4.81,4.50,4.76,1293400,3.8541
2005-04-14,4.57999,4.68,4.57999,4.59,339300,3.71644
2005-04-13,4.50,4.68,4.50,4.61,456700,3.73264
2005-04-12,4.57,4.57999,4.50,4.50,302200,3.64358
2005-04-11,4.65,4.69,4.57999,4.59,421500,3.71644
2005-04-08,4.60,4.70001,4.60,4.69,468600,3.79742
2005-04-07,4.68,4.72,4.61,4.64001,676600,3.75694
2005-04-06,4.50,4.69,4.48,4.68,677700,3.78932
2005-04-05,4.51999,4.82999,4.51999,4.59,1498400,3.71644
2005-04-04,4.35,4.59,4.23,4.43,396900,3.5869
2005-04-01,4.32,4.48,4.22,4.42,303800,3.5788
2005-03-31,4.25,4.33001,4.18,4.32,185400,3.49784
2005-03-30,4.53,4.54,4.18,4.25,468500,3.44116
2005-03-29,4.50,4.60,4.46,4.53,332600,3.66786
2005-03-28,4.50,4.50,4.50,4.50,000,3.64358
2005-03-25,4.51999,4.56,4.47,4.50,310900,3.64358
2005-03-24,4.48,4.56,4.45,4.51999,274900,3.65976
2005-03-23,4.48,4.60,4.45,4.51,299100,3.65168
2005-03-22,4.63,4.63,4.50,4.51,334500,3.65168
2005-03-21,4.66,4.70001,4.56,4.60,202200,3.72454
2005-03-18,4.76999,4.82999,4.65,4.69,208200,3.79742
2005-03-17,4.75,4.86,4.61,4.76999,346100,3.86219
2005-03-16,4.79,4.82999,4.70001,4.75,177700,3.846
2005-03-15,4.79,4.85,4.70999,4.85,395900,3.92696
2005-03-14,4.76,4.82,4.65,4.75,303900,3.846
2005-03-11,4.79,4.82999,4.70999,4.76,290600,3.8541
2005-03-10,4.97,5.00,4.76999,4.78,421600,3.87028
2005-03-09,4.93,5.00,4.90,4.98,671200,4.03222
2005-03-08,4.87,4.94,4.80,4.93,418200,3.99174
2005-03-07,4.85,4.91,4.81,4.87,200500,3.94316
2005-03-04,4.87,4.93,4.86,4.88,213200,3.95126
2005-03-03,4.85,4.95001,4.82,4.88,274500,3.95126
2005-03-02,4.97,5.01999,4.85,4.86,437900,3.93506
2005-03-01,4.90,4.97,4.88,4.96,294000,4.01603
2005-02-28,4.90,4.94,4.85,4.93,332600,3.99174
2005-02-25,4.95001,4.98,4.89001,4.90,563500,3.96744
2005-02-24,4.95001,5.01001,4.89001,4.93,729700,3.99174
2005-02-23,4.92,5.10,4.85,5.01999,1254400,4.06461
2005-02-22,4.90,4.95001,4.82999,4.94,656400,3.99984
2005-02-21,4.74,4.93,4.73,4.88,919700,3.95126
2005-02-18,4.72,4.75,4.65,4.75,358200,3.846
2005-02-17,4.69,4.73,4.63,4.72,327300,3.8217
2005-02-16,4.74,4.78,4.57999,4.70001,374600,3.80552
2005-02-15,4.53,4.68,4.45,4.64001,000,3.75694
2005-02-14,4.53,4.68,4.45,4.64001,000,3.75694
2005-02-11,4.53,4.68,4.45,4.64001,000,3.75694
2005-02-10,4.53,4.68,4.45,4.64001,000,3.75694
2005-02-09,4.53,4.68,4.45,4.64001,000,3.75694
2005-02-08,4.53,4.68,4.45,4.64001,000,3.75694
2005-02-07,4.53,4.68,4.45,4.64001,000,3.75694
2005-02-04,4.53,4.68,4.45,4.64001,674600,3.75694
2005-02-03,4.70999,4.74,4.55,4.55,694500,3.68406
2005-02-02,4.51999,4.78,4.48,4.70999,826500,3.8136
2005-02-01,4.57999,4.65,4.45,4.46,755300,3.61118
2005-01-31,5.00,5.00,4.62,4.62,1384100,3.74074
2005-01-28,5.26,5.26,5.10,5.13,751900,4.15368
2005-01-27,5.36,5.48,5.28,5.28,1233200,4.27513
2005-01-26,5.36,5.38,5.26,5.38,597700,4.3561
2005-01-25,5.38999,5.38999,5.24,5.36,813300,4.3399
2005-01-24,5.46,5.50,5.32,5.38999,1348700,4.36419
2005-01-21,5.22,5.43,5.12,5.38,1755900,4.3561
2005-01-20,5.15,5.32,5.07999,5.23,1577400,4.23464
2005-01-19,5.05,5.22,5.05,5.18,591600,4.19416
2005-01-18,4.97,5.10,4.96,5.09,224500,4.12129
2005-01-17,5.03,5.04,4.91,5.00,250800,4.04842
2005-01-14,5.15,5.24,5.07,5.07,230000,4.1051
2005-01-13,5.10,5.25,5.07999,5.20001,692800,4.21036
2005-01-12,5.07,5.11,5.03,5.10,133400,4.12938
2005-01-11,5.09,5.14001,5.06,5.10,222800,4.12938
2005-01-10,5.03,5.11,5.01999,5.10,205400,4.12938
2005-01-07,4.95001,5.04,4.88,5.04,216100,4.0808
2005-01-06,5.01001,5.01001,4.90,4.95001,120700,4.00794
2005-01-05,4.90,5.03,4.85,5.01999,195700,4.06461
2005-01-04,5.19,5.19,4.90,4.95001,192500,4.00794
2005-01-03,4.97,5.05,4.81,4.94,000,3.99984
2004-12-31,4.97,5.05,4.81,4.94,273800,3.99984
2004-12-30,5.03,5.03,4.95001,5.00,132200,4.04842
2004-12-29,5.03,5.07999,5.00,5.06,125000,4.097
2004-12-28,5.03,5.09,4.99,5.05,99400,4.0889
2004-12-27,5.10,5.17,5.03,5.07,173300,4.1051
2004-12-24,4.97,5.04,4.92,5.03,142900,4.0727
2004-12-23,5.10,5.12,4.95001,4.96,184800,4.01603
2004-12-22,4.99,5.10,4.96,5.10,160900,4.12938
2004-12-21,4.91,5.00,4.91,4.94,58200,3.99984
2004-12-20,5.00,5.00,4.89001,4.91,121300,3.97554
2004-12-17,4.94,5.05,4.93,4.96,125300,4.01603
2004-12-16,4.94,5.03,4.94,4.96,66400,4.01603
2004-12-15,4.93,5.03,4.89001,5.00,260100,4.04842
2004-12-14,5.01999,5.07999,4.91,4.93,205500,3.99174
2004-12-13,5.11,5.14001,5.00,5.03,315000,4.0727
2004-12-10,5.22,5.22,5.06,5.17,311300,4.18606
2004-12-09,5.19,5.28,5.16,5.25,317100,4.25084
2004-12-08,5.18,5.27,5.16,5.19,136600,4.20226
2004-12-07,5.28,5.28,5.16,5.20001,263800,4.21036
2004-12-06,5.20001,5.25,5.17,5.23,237500,4.23464
2004-12-03,5.15,5.23,5.15,5.21,305100,4.21845
2004-12-02,5.05,5.15,5.03,5.14001,230800,4.16178
2004-12-01,5.11,5.13,5.05,5.07999,165100,4.11319
2004-11-30,5.18,5.18,5.01001,5.13,409500,4.15368
2004-11-29,5.25,5.25,5.25,5.25,000,4.25084
2004-11-26,5.25,5.29,5.20001,5.25,242400,4.25084
2004-11-25,5.15,5.28,5.15,5.20001,287800,4.21036
2004-11-24,5.31,5.31,5.16,5.19,339600,4.20226
2004-11-23,5.22,5.35,5.15,5.31,790900,4.29942
2004-11-22,5.19,5.29,5.15,5.22,451700,4.22654
2004-11-19,5.23,5.25,5.16,5.20001,379700,4.21036
2004-11-18,5.05,5.25,5.05,5.22,560500,4.22654
2004-11-17,5.18,5.18,5.07,5.10,239200,4.12938
2004-11-16,5.23,5.23,5.12,5.19,514400,4.20226
2004-11-15,5.17,5.24,5.13,5.23,1355800,4.23464
2004-11-12,4.98,5.16,4.98,5.12,812900,4.14558
2004-11-11,5.10,5.12,4.99,5.00,586100,4.04842
2004-11-10,4.90,5.07999,4.87,5.07999,387700,4.11319
2004-11-09,4.85,4.91,4.85,4.91,201500,3.97554
2004-11-08,4.87,4.88,4.78,4.87,186300,3.94316
2004-11-05,4.90,4.94,4.85,4.87,85800,3.94316
2004-11-04,5.00,5.01001,4.76,4.90,415800,3.96744
2004-11-03,4.98,5.01999,4.91,5.01999,178000,4.06461
2004-11-02,4.89001,4.97,4.86,4.93,132400,3.99174
2004-11-01,4.95001,5.00,4.90,4.90,256000,3.96744
2004-10-29,5.00,5.05,4.90,5.00,488400,4.04842
2004-10-28,5.23,5.25,5.07,5.10,498100,4.12938
2004-10-27,5.14001,5.26,5.10,5.25,803700,4.25084
2004-10-26,5.03,5.20001,5.03,5.19,765300,4.20226
2004-10-25,5.15,5.22,5.07,5.07,1324300,4.1051
2004-10-22,4.94,5.06,4.85,5.05,632300,4.0889
2004-10-21,5.05,5.10,4.94,4.97,771500,4.02412
2004-10-20,4.95001,5.01999,4.89001,5.00,358700,4.04842
2004-10-19,4.95001,5.03,4.86,4.94,390200,3.99984
2004-10-18,4.95001,4.97,4.82,4.95001,495900,4.00794
2004-10-15,4.85,4.89001,4.76,4.84,338800,3.91886
2004-10-14,5.05,5.05,4.80,4.87,434300,3.94316
2004-10-13,5.10,5.15,4.98,5.05,447200,4.0889
2004-10-12,5.21,5.24,5.09,5.11,346900,4.13748
2004-10-11,5.18,5.40,5.18,5.25,1028100,4.25084
2004-10-08,5.09,5.17,4.92,5.16,411600,4.17796
2004-10-07,5.22,5.29,5.00,5.01999,000,4.06461
2004-10-06,5.22,5.29,5.00,5.01999,000,4.06461
2004-10-05,5.22,5.29,5.00,5.01999,000,4.06461
2004-10-04,5.22,5.29,5.00,5.01999,000,4.06461
2004-10-01,5.22,5.29,5.00,5.01999,000,4.06461
2004-09-30,5.22,5.29,5.00,5.01999,631600,4.06461
2004-09-29,5.31,5.31,5.20001,5.22,365500,4.22654
2004-09-28,5.30,5.35,5.23,5.31,405700,4.29942
2004-09-27,5.45001,5.50,5.22,5.26,559600,4.25894
2004-09-24,5.65,5.66,5.36,5.37,1285400,4.348
2004-09-23,5.50,5.62,5.46,5.61,778900,4.54232
2004-09-22,5.63999,5.74,5.45001,5.46,1124000,4.42087
2004-09-21,5.65,5.93,5.50,5.67,1762300,4.5909
2004-09-20,5.49,5.67,5.43,5.65,1520500,4.57471
2004-09-17,5.41,5.49,5.34,5.49,1137700,4.44516
2004-09-16,5.29,5.53,5.25,5.42,2085700,4.38848
2004-09-15,5.00,5.32999,4.95001,5.24,1055400,4.24274
2004-09-14,4.97,5.09,4.90,5.01999,302000,4.06461
2004-09-13,4.95001,5.00,4.80,4.85,203900,3.92696
2004-09-10,4.94,5.04,4.90,5.03,197200,4.0727
2004-09-09,5.15,5.15,4.92,4.97,561300,4.02412
2004-09-08,5.21,5.28,5.17,5.17,719000,4.18606
2004-09-07,5.22,5.22,5.12,5.16,258200,4.17796
2004-09-06,5.15,5.22,5.13,5.18,342600,4.19416
2004-09-03,5.12,5.17,5.06,5.17,396700,4.18606
2004-09-02,5.01001,5.19,5.00,5.12,1033700,4.14558
2004-09-01,4.95001,5.01001,4.95001,4.95001,92900,4.00794
2004-08-31,5.00,5.11,4.98,5.01999,266100,4.06461
2004-08-30,4.92,4.92,4.80,4.91,110700,3.97554
2004-08-27,4.92,5.04,4.82,4.86,129700,3.93506
2004-08-26,4.92,4.99,4.88,4.92,55500,3.98364
2004-08-25,4.99,5.05,4.98,4.99,321800,4.04032
2004-08-24,4.80,5.03,4.80,4.99,194200,4.04032
2004-08-23,4.86,4.86,4.73,4.80,105800,3.88648
2004-08-20,4.84,5.07,4.70999,4.87,189000,3.94316
2004-08-19,5.01001,5.01001,4.84,4.85,224500,3.92696
2004-08-18,5.00,5.05,4.98,5.00,135500,4.04842
2004-08-17,4.96,5.07999,4.96,5.03,123400,4.0727
2004-08-16,5.00,5.05,4.96,5.00,134000,4.04842
2004-08-13,4.97,5.07999,4.97,5.07999,129600,4.11319
2004-08-12,5.06,5.10,4.92,5.01999,321200,4.06461
2004-08-11,5.25,5.25,5.12,5.13,180300,4.15368
2004-08-10,5.15,5.25,5.11,5.24,212700,4.24274
2004-08-09,5.17,5.18,5.05,5.16,83000,4.17796
2004-08-06,5.07999,5.26,5.06,5.19,444700,4.20226
2004-08-05,5.12,5.15,5.06,5.09,132000,4.12129
2004-08-04,5.01001,5.16,5.00,5.12,300200,4.14558
2004-08-03,4.99,5.05,4.98,5.00,76200,4.04842
2004-08-02,5.00,5.03,4.94,4.99,159900,4.04032
2004-07-30,5.09,5.09,5.00,5.03,153400,4.0727
2004-07-29,5.01999,5.09,5.01001,5.07999,92700,4.11319
2004-07-28,5.00,5.09,4.98,5.04,187200,4.06179
2004-07-27,5.00,5.03,4.95001,4.99,193800,4.0215
2004-07-26,5.05,5.05,5.00,5.01999,140800,4.04567
2004-07-23,5.01999,5.07999,5.01001,5.07999,164200,4.09403
2004-07-22,5.16,5.20001,5.04,5.05,192000,4.06985
2004-07-21,5.23,5.25,5.13,5.15,215100,4.15044
2004-07-20,5.24,5.27,5.20001,5.26,236000,4.2391
2004-07-19,5.32999,5.36,5.21,5.27,353900,4.24715
2004-07-16,5.20001,5.32999,5.15,5.32999,506900,4.2955
2004-07-15,5.10,5.21,5.01999,5.17,189300,4.16656
2004-07-14,5.11,5.15,4.90,5.01999,254700,4.04567
2004-07-13,5.15,5.15,5.07999,5.11,82800,4.11821
2004-07-12,5.19,5.19,5.06,5.12,149700,4.12627
2004-07-09,5.24,5.26,5.18,5.22,172200,4.20686
2004-07-08,5.18,5.23,5.14001,5.22,102900,4.20686
2004-07-07,5.20001,5.20001,5.11,5.18,124700,4.17462
2004-07-06,5.25,5.30,5.23,5.24,200600,4.22298
2004-07-05,5.18,5.23,5.12,5.22,110400,4.20686
2004-07-02,5.16,5.22,5.12,5.20001,181800,4.19074
2004-07-01,4.98,5.17,4.95001,5.17,318100,4.16656
2004-06-30,5.11,5.14001,5.00,5.00,255900,4.02956
2004-06-29,5.06,5.06,5.06,5.06,000,4.07791
2004-06-28,5.06,5.15,5.06,5.06,173200,4.07791
2004-06-25,5.11,5.30,5.10,5.13,152900,4.13433
2004-06-24,5.28,5.32,5.20001,5.26,146600,4.2391
2004-06-23,5.40,5.41,5.25,5.27,140000,4.24715
2004-06-22,5.42,5.43,5.36,5.40,342900,4.35192
2004-06-21,5.32,5.37,5.26,5.36,155300,4.31969
2004-06-18,5.19,5.35,5.19,5.32,115700,4.28745
2004-06-17,5.21,5.40,5.16,5.35,343600,4.31163
2004-06-16,5.28,5.35,5.18,5.29,173000,4.26327
2004-06-15,5.10,5.34,5.10,5.25,195500,4.23104
2004-06-14,5.43,5.45001,5.11,5.17,362500,4.16656
2004-06-11,5.27,5.45001,5.25,5.43,511800,4.3761
2004-06-10,5.25,5.30,5.18,5.25,178100,4.23104
2004-06-09,5.37,5.45001,5.11,5.27,425500,4.24715
2004-06-08,5.35,5.45001,5.35,5.38999,239100,4.34386
2004-06-07,5.57999,5.60,5.35,5.38999,471200,4.34386
2004-06-04,5.63,5.71,5.61,5.63,174000,4.53728
2004-06-03,5.82999,5.88,5.67,5.67,261000,4.56952
2004-06-02,5.78,5.86,5.72,5.82999,364800,4.69846
2004-06-01,5.63,5.80,5.63,5.80,310900,4.67429
2004-05-31,5.65,5.73,5.59,5.72,171900,4.60981
2004-05-28,5.73,5.73,5.63,5.63999,206800,4.54534
2004-05-27,5.60,5.74,5.48,5.73,339100,4.61787
2004-05-26,5.65,5.65,5.56,5.60,171800,4.5131
2004-05-25,5.75,5.75,5.57,5.61,258600,4.52116
2004-05-24,5.75,5.93,5.70001,5.75,359600,4.63399
2004-05-21,5.70001,5.82999,5.70001,5.80,230500,4.67429
2004-05-20,5.80,5.86,5.70001,5.71,256200,4.60175
2004-05-19,5.74,5.86,5.68,5.78,484800,4.65817
2004-05-18,5.65,5.77,5.61,5.74,218500,4.62593
2004-05-17,5.56,5.66,5.53,5.62,179300,4.52922
2004-05-14,5.72,5.74,5.56,5.57999,462500,4.49698
2004-05-13,5.79,5.79,5.68,5.77,368200,4.65011
2004-05-12,5.66,5.82999,5.57999,5.82,509000,4.69041
2004-05-11,5.72,5.78,5.60,5.61,491500,4.52116
2004-05-10,6.10,6.10,5.60,5.74,309700,4.62593
2004-05-07,6.08,6.08,5.85,5.93,000,4.77906
2004-05-06,6.08,6.08,5.85,5.93,000,4.77906
2004-05-05,6.08,6.08,5.85,5.93,000,4.77906
2004-05-04,6.08,6.08,5.85,5.93,000,4.77906
2004-05-03,6.08,6.08,5.85,5.93,000,4.77906
2004-04-30,6.08,6.08,5.85,5.93,429000,4.77906
2004-04-29,6.00,6.13,5.96,5.98,444300,4.81935
2004-04-28,5.88,6.06,5.88,6.04,602500,4.8677
2004-04-27,6.13,6.16,5.86,5.88,777700,4.73876
2004-04-26,6.00,6.13999,6.00,6.11,837500,4.92412
2004-04-23,6.38999,6.38999,5.95001,5.96,2314200,4.80323
2004-04-22,6.65,6.76001,6.31,6.55,1610300,5.27872
2004-04-21,6.94,6.98,6.67,6.76001,2186400,5.44797
2004-04-20,6.80,7.16,6.69,6.99,3782700,5.63332
2004-04-19,6.55,6.85,6.52,6.81,1882800,5.48826
2004-04-16,6.58,6.69999,6.09,6.58,1197500,5.30289
2004-04-15,6.75,6.82001,6.55,6.60,1175300,5.31902
2004-04-14,6.54,6.86,6.33,6.75,2219500,5.43991
2004-04-13,6.61,6.62,6.44999,6.48,566000,5.22231
2004-04-12,6.51001,6.66,6.43,6.60,620500,5.31902
2004-04-09,6.72,6.83,6.47,6.54,1296700,5.27066
2004-04-08,6.69999,6.85,6.69999,6.72,1029600,5.41572
2004-04-07,6.93,6.94999,6.69999,6.69999,1609200,5.3996
2004-04-06,6.76001,6.97,6.69,6.90,1783000,5.56079
2004-04-05,6.69,6.80,6.61,6.75,1304000,5.43991
2004-04-02,6.55,6.68,6.54,6.63999,1274300,5.35125
2004-04-01,6.50,6.56,6.44999,6.54,1099700,5.27066
2004-03-31,6.35,6.54,6.35,6.50,899000,5.23843
2004-03-30,6.42,6.48,6.30,6.34,539900,5.10948
2004-03-29,6.37,6.48,6.35,6.41,461400,5.16589
2004-03-26,6.36,6.38,6.30,6.35,544000,5.11754
2004-03-25,6.43,6.48,6.33,6.37,491800,5.13366
2004-03-24,6.55,6.59,6.40,6.43,883900,5.18201
2004-03-23,6.40,6.57001,6.28,6.55,1817900,5.27872
2004-03-22,6.29,6.38999,6.27,6.37,750300,5.13366
2004-03-19,6.22,6.33,6.19999,6.29,702900,5.06918
2004-03-18,6.38999,6.40,6.19999,6.23,827500,5.02083
2004-03-17,6.29,6.50,6.23,6.42,1501600,5.17395
2004-03-16,6.28,6.36,6.18,6.29,1153100,5.06918
2004-03-15,6.19,6.29,6.19,6.27,892800,5.05306
2004-03-12,6.26001,6.38999,6.17,6.19,1511400,4.9886
2004-03-11,6.63,6.68,6.21,6.37,3041700,5.13366
2004-03-10,6.49,6.66,6.40,6.58,3331100,5.30289
2004-03-09,6.35,6.72,6.30,6.52,4863000,5.25454
2004-03-08,6.30,6.40,6.19999,6.38999,1613700,5.14977
2004-03-05,6.17,6.38,6.08,6.31,1343800,5.0853
2004-03-04,6.01001,6.16,5.97,6.16,545100,4.96441
2004-03-03,5.99,6.05,5.90,6.03,523500,4.85964
2004-03-02,6.03,6.06,5.92,6.00,394000,4.83547
2004-03-01,5.92,6.03,5.82999,6.03,356700,4.85964
2004-02-27,5.80,5.93,5.80,5.92,353500,4.771
2004-02-26,6.04,6.10,5.75,5.81,742600,4.68235
2004-02-25,6.13999,6.21,6.01001,6.04,809600,4.8677
2004-02-24,6.28,6.30,6.01001,6.13999,873800,4.94829
2004-02-23,6.49,6.55,6.33,6.33,1087700,5.10142
2004-02-20,6.42,6.50,6.32,6.49,986500,5.23037
2004-02-19,6.32,6.44999,6.25,6.43,1614900,5.18201
2004-02-18,6.23,6.35,6.19,6.27,1500400,5.05306
2004-02-17,6.08,6.28,6.00,6.27,2060000,5.05306
2004-02-16,5.97,6.08,5.90,6.08,650300,4.89994
2004-02-13,6.12,6.19,5.96,5.98,819400,4.81935
2004-02-12,6.02,6.15,5.98,6.13,1086800,4.94024
2004-02-11,6.19999,6.25,6.00,6.04,2201600,4.8677
2004-02-10,6.13,6.18,5.97,6.15,1980700,4.95635
2004-02-09,5.69,5.98,5.66,5.97,1218500,4.81129
2004-02-06,5.98,5.98,5.72,5.72,1291100,4.60981
2004-02-05,5.82999,6.05,5.70001,5.99,1326200,4.82741
2004-02-04,5.60,5.79,5.56,5.76001,1318300,4.64205
2004-02-03,5.50,5.59,5.46,5.59,848400,4.50504
2004-02-02,5.38,5.50,5.25,5.50,959000,4.43252
2004-01-30,5.38999,5.45001,5.30,5.36,760500,4.31969
2004-01-29,5.14001,5.42,5.14001,5.40,765600,4.35192
2004-01-28,5.10,5.15,5.07999,5.14001,000,4.14239
2004-01-27,5.10,5.15,5.07999,5.14001,000,4.14239
2004-01-26,5.10,5.15,5.07999,5.14001,000,4.14239
2004-01-23,5.10,5.15,5.07999,5.14001,000,4.14239
2004-01-22,5.10,5.15,5.07999,5.14001,000,4.14239
2004-01-21,5.10,5.15,5.07999,5.14001,000,4.14239
2004-01-20,5.10,5.15,5.07999,5.14001,000,4.14239
2004-01-19,5.10,5.15,5.07999,5.14001,000,4.14239
2004-01-16,5.10,5.15,5.07999,5.14001,410700,4.14239
2004-01-15,5.21,5.31,5.12,5.16,632600,4.1585
2004-01-14,5.10,5.23,5.07999,5.21,917100,4.1988
2004-01-13,4.95001,5.10,4.95001,5.10,655800,4.11015
2004-01-12,5.07999,5.07999,4.95001,4.99,332000,4.0215
2004-01-09,4.94,5.07,4.90,5.04,596600,4.06179
2004-01-08,4.92,4.96,4.80,4.94,488700,3.98121
2004-01-07,4.87,4.98,4.82999,4.86,434800,3.91673
2004-01-06,5.10,5.10,4.82,4.87,867600,3.92479
2004-01-05,5.12,5.17,5.05,5.09,422800,4.10209
2004-01-02,5.05,5.27,5.01001,5.19,558400,4.18268
2004-01-01,5.01999,5.10,5.01001,5.07,000,4.08597
2003-12-31,5.01999,5.10,5.01001,5.07,283500,4.08597
2003-12-30,5.06,5.10,5.01001,5.03,216500,4.05373
2003-12-29,5.11,5.11,4.96,5.07,398500,4.08597
2003-12-26,5.11,5.17,5.05,5.17,277200,4.16656
2003-12-25,5.23,5.24,5.10,5.12,600900,4.12627
2003-12-24,5.15,5.26,5.09,5.24,683300,4.22298
2003-12-23,5.18,5.23,4.99,5.15,1233400,4.15044
2003-12-22,5.38999,5.38999,4.95001,5.24,3020500,4.22298
2003-12-19,6.05,6.05,5.49,5.50,1851600,4.43252
2003-12-18,5.65,6.15,5.55,6.10,3015600,4.91606
2003-12-17,5.45001,5.68,5.40,5.63999,1458700,4.54534
2003-12-16,5.55,5.55,5.35,5.45001,290600,4.39222
2003-12-15,5.56,5.59,5.49,5.55,218200,4.47281
2003-12-12,5.60,5.79,5.55,5.56,401800,4.48087
2003-12-11,5.49,5.60,5.43,5.60,416400,4.5131
2003-12-10,5.46,5.51001,5.41,5.48,392800,4.41639
2003-12-09,5.38999,5.50,5.38999,5.46,145100,4.40027
2003-12-08,5.59,5.59,5.30,5.38999,254100,4.34386
2003-12-05,5.52,5.63,5.50,5.59,292500,4.50504
2003-12-04,5.60,5.63,5.49,5.56,274500,4.48087
2003-12-03,5.56,5.68,5.45001,5.60,471800,4.5131
2003-12-02,5.60,5.88999,5.48,5.69,930900,4.58564
2003-12-01,5.25,5.55,5.25,5.53,297300,4.45669
2003-11-28,5.38999,5.55,5.37,5.45001,293500,4.39222
2003-11-27,5.62,5.62,5.31,5.37,266200,4.32775
2003-11-26,5.53,5.68,5.45001,5.59,366000,4.50504
2003-11-25,5.70001,5.79,5.56,5.62,835600,4.52922
2003-11-24,5.14001,5.68,5.13,5.68,599600,4.57758
2003-11-21,5.38,5.38999,5.15,5.16,441600,4.1585
2003-11-20,5.28,5.40,5.12,5.38999,489200,4.34386
2003-11-19,5.15,5.35,5.14001,5.29,851400,4.26327
2003-11-18,5.01999,5.09,4.99,5.04,194200,4.06179
2003-11-17,5.00,5.01999,4.93,4.98,105800,4.01344
2003-11-14,4.96,5.00,4.85,4.99,153600,4.0215
2003-11-13,4.85,4.93,4.78,4.93,160100,3.97314
2003-11-12,4.81,4.88,4.80,4.87,67900,3.92479
2003-11-11,4.82,4.87,4.73,4.86,68200,3.91673
2003-11-10,4.78,4.88,4.73,4.87,128100,3.92479
2003-11-07,4.80,4.96,4.62,4.85,303000,3.90867
2003-11-06,5.35,5.35,4.82,4.84,441700,3.90061
2003-11-05,5.47,5.50,5.34,5.35,145600,4.31163
2003-11-04,5.46,5.60,5.44,5.52,217500,4.44863
2003-11-03,5.36,5.54,5.36,5.52,78600,4.44863
2003-10-31,5.36,5.57999,5.36,5.50,110900,4.43252
2003-10-30,5.50,5.50,5.36,5.36,173100,4.31969
2003-10-29,5.63999,5.63999,5.40,5.45001,228900,4.39222
2003-10-28,5.96,5.96,5.66,5.70001,242900,4.5937
2003-10-27,6.11,6.11,5.88999,5.98,166200,4.81935
2003-10-24,6.10,6.19999,6.10,6.13,106400,4.94024
2003-10-23,6.18,6.22,6.16,6.19999,63900,4.99665
2003-10-22,6.11,6.22,6.11,6.18,219000,4.98053
2003-10-21,6.06,6.13999,6.06,6.12,107400,4.93218
2003-10-20,6.15,6.15,6.10,6.11,72400,4.92412
2003-10-17,6.15,6.18,6.06,6.13999,186100,4.94829
2003-10-16,6.21,6.25,6.13999,6.15,137700,4.95635
2003-10-15,6.30,6.50,6.24,6.24,173900,5.02889
2003-10-14,6.40,6.44,6.30,6.35,129200,5.11754
2003-10-13,6.52,6.52,6.40,6.43,169300,5.18201
2003-10-10,6.34,6.54,6.34,6.50,216500,5.23843
2003-10-09,6.33,6.44999,6.33,6.38999,175000,5.14977
2003-10-08,6.42,6.42,6.30,6.38999,210500,5.14977
2003-10-07,6.54,6.58,6.33,6.47,000,5.21425
2003-10-06,6.54,6.58,6.33,6.47,000,5.21425
2003-10-03,6.54,6.58,6.33,6.47,000,5.21425
2003-10-02,6.54,6.58,6.33,6.47,000,5.21425
2003-10-01,6.54,6.58,6.33,6.47,000,5.21425
2003-09-30,6.54,6.58,6.33,6.47,206800,5.21425
2003-09-29,6.65,6.73,6.55,6.56,229700,5.28678
2003-09-26,6.62,6.72,6.59,6.65,261700,5.35931
2003-09-25,6.90,6.90,6.68,6.71,344500,5.40766
2003-09-24,7.16,7.16,6.84,6.97,347800,5.6172
2003-09-23,7.06,7.18,7.06,7.14,181400,5.7542
2003-09-22,7.10,7.15,7.05,7.14,358000,5.7542
2003-09-19,7.00,7.08,6.94999,7.05,210500,5.68168
2003-09-18,6.94999,6.99,6.86,6.97,247800,5.6172
2003-09-17,7.18,7.19,6.84,6.94999,230300,5.60108
2003-09-16,7.10,7.32001,7.05,7.19999,311800,5.80256
2003-09-15,7.06,7.19,7.03,7.05,309400,5.68168
2003-09-12,7.00999,7.19999,7.00999,7.08,317700,5.70585
2003-09-11,7.16,7.18,7.05,7.09,300000,5.71391
2003-09-10,7.35,7.35,7.10,7.14,781400,5.7542
2003-09-09,7.55,7.55,7.38001,7.41,651500,5.9718
2003-09-08,7.32001,7.56,7.28,7.55,1873700,6.08463
2003-09-05,7.02,7.35,7.02,7.32001,682700,5.89928
2003-09-04,7.24,7.25999,7.13,7.15,357100,5.76226
2003-09-03,7.15,7.25999,7.15,7.24,452100,5.8348
2003-09-02,7.11,7.16,7.03,7.16,303600,5.77033
2003-09-01,6.93,7.14,6.93,7.12,481200,5.73809
2003-08-29,6.88,6.98,6.83,6.98,211200,5.62526
2003-08-28,6.86,7.08,6.86,6.94999,483800,5.60108
2003-08-27,6.81,6.87,6.77,6.82001,65400,5.49632
2003-08-26,6.72,6.81,6.72,6.80,63100,5.4802
2003-08-25,6.78,6.84,6.73,6.79,87800,5.47214
2003-08-22,6.86,6.89,6.80,6.82001,71400,5.49632
2003-08-21,6.75,6.93,6.65,6.84,80400,5.51243
2003-08-20,6.79,6.82001,6.69999,6.76001,51900,5.44797
2003-08-19,6.84,6.85,6.75,6.79,109800,5.47214
2003-08-18,6.81,6.94,6.75,6.81,359500,5.48826
2003-08-15,6.66,6.78,6.63999,6.73,142100,5.42378
2003-08-14,6.65,6.74,6.60,6.69,120700,5.39155
2003-08-13,6.62,6.69,6.60,6.68,70000,5.38349
2003-08-12,6.59,6.65,6.58,6.61,71800,5.32708
2003-08-11,6.60,6.66,6.53,6.60,67100,5.31902
2003-08-08,6.59,6.63,6.53,6.57001,117800,5.29484
2003-08-07,6.68,6.71,6.60,6.63,101400,5.3432
2003-08-06,6.75,6.78,6.71,6.73,72400,5.42378
2003-08-05,6.78,6.80,6.69999,6.76001,83500,5.44797
2003-08-04,6.66,6.76001,6.65,6.74,121900,5.43184
2003-08-01,6.69999,6.69999,6.60,6.68,83200,5.38349
2003-07-31,6.63,6.76001,6.63,6.67,140600,5.37543
2003-07-30,6.55,6.65,6.53,6.63,104600,5.3432
2003-07-29,6.51001,6.63,6.51001,6.55,80000,5.27872
2003-07-28,6.57001,6.59,6.46,6.55,163000,5.27872
2003-07-25,6.60,6.69999,6.55,6.59,148800,5.31095
2003-07-24,6.59,6.63,6.53,6.59,153700,5.31095
2003-07-23,6.56,6.62,6.50,6.52,294800,5.25454
2003-07-22,6.69,6.74,6.38,6.60,726400,5.31902
2003-07-21,6.69,6.81,6.48,6.58,441800,5.30289
2003-07-18,6.89,6.94999,6.72,6.77,194600,5.45602
2003-07-17,7.05,7.06,6.87,6.89,212200,5.55273
2003-07-16,6.99,7.05,6.99,7.05,58900,5.68168
2003-07-15,7.08,7.10,6.97,6.99,116900,5.63332
2003-07-14,7.07001,7.14,6.98,7.10,230000,5.72197
2003-07-11,7.13,7.14,6.88,7.10,267200,5.72197
2003-07-10,6.90,7.34,6.83,7.09,338700,5.71391
2003-07-09,6.80,6.85,6.75,6.78,62500,5.46408
2003-07-08,6.81,6.90,6.81,6.84,72000,5.51243
2003-07-07,6.73,6.83,6.72,6.80,140500,5.4802
2003-07-04,6.90,6.90,6.73,6.79,87200,5.47214
2003-07-03,6.75,6.90,6.72,6.85,77200,5.52049
2003-07-02,6.72,6.86,6.66,6.81,110100,5.48826
2003-07-01,6.80,6.88,6.69999,6.69999,170200,5.3996
2003-06-30,6.83,6.88,6.75,6.81,157300,5.48826
2003-06-27,7.09,7.11,6.90,6.92,278100,5.57691
2003-06-26,7.22,7.24,7.09,7.11,201200,5.73003
2003-06-25,7.19,7.23,7.15,7.18,279100,5.78645
2003-06-24,7.10,7.18,7.07001,7.16,120900,5.77033
2003-06-23,7.19999,7.19999,7.06,7.09,241900,5.71391
2003-06-20,7.18,7.28,7.12,7.19999,169100,5.80256
2003-06-19,7.27,7.27,7.11,7.16,300700,5.77033
2003-06-18,7.30,7.35,7.18,7.25999,632100,5.85091
2003-06-17,7.44,7.50,7.19999,7.33,279900,5.90733
2003-06-16,7.40,7.52,7.39,7.49,661700,5.97951
2003-06-13,7.35,7.35,7.25999,7.33,250400,5.85178
2003-06-12,7.35,7.39,7.19999,7.30,315200,5.82783
2003-06-11,7.32001,7.38001,7.25,7.36,241000,5.87573
2003-06-10,7.25999,7.33,7.21,7.32001,289300,5.8438
2003-06-09,7.25,7.38001,7.19,7.25999,251600,5.79589
2003-06-06,7.55,7.55,7.25999,7.25999,647000,5.79589
2003-06-05,7.60,7.65,7.50,7.63001,1234000,6.09128
2003-06-04,7.48,7.61,7.43,7.60,457100,6.06733
2003-06-03,7.61,7.66,7.48,7.50,573500,5.9875
2003-06-02,7.33,7.83,7.33,7.59,2156600,6.05934
2003-05-30,7.19999,7.31,7.16,7.29,685300,5.81985
2003-05-29,7.16,7.18,7.05,7.15,516800,5.70808
2003-05-28,7.19999,7.31,7.13,7.18,622200,5.73203
2003-05-27,7.00999,7.30,7.00999,7.25,1575100,5.78792
2003-05-26,6.96,6.96,6.96,6.96,000,5.55639
2003-05-23,7.00999,7.03,6.91,6.96,456000,5.55639
2003-05-22,6.85,7.03,6.83,7.00999,231100,5.59631
2003-05-21,6.98,6.99,6.80,6.91,383700,5.51648
2003-05-20,7.06,7.09,6.91,6.94,324900,5.54043
2003-05-19,6.97,7.12,6.94999,7.05,433800,5.62825
2003-05-16,6.91,7.08,6.75,6.98,690300,5.57236
2003-05-15,6.68,6.93,6.59,6.91,517800,5.51648
2003-05-14,6.38999,6.69999,6.38999,6.65,456200,5.30891
2003-05-13,6.60,6.60,6.29,6.37,656800,5.08538
2003-05-12,7.23,7.24,6.77,6.80,406800,5.42866
2003-05-09,6.94999,7.24,6.94999,7.11,000,5.67615
2003-05-08,6.94999,7.24,6.94999,7.11,000,5.67615
2003-05-07,6.94999,7.24,6.94999,7.11,000,5.67615
2003-05-06,6.94999,7.24,6.94999,7.11,000,5.67615
2003-05-05,6.94999,7.24,6.94999,7.11,000,5.67615
2003-05-02,6.94999,7.24,6.94999,7.11,000,5.67615
2003-05-01,6.94999,7.24,6.94999,7.11,000,5.67615
2003-04-30,6.94999,7.24,6.94999,7.11,501000,5.67615
2003-04-29,7.08,7.25,6.88,7.00999,618400,5.59631
2003-04-28,7.35,7.35,6.80,7.12,1533200,5.68413
2003-04-25,7.44999,7.58,7.30,7.35,585400,5.86775
2003-04-24,7.99,8.04,7.52,7.55,847100,6.02741
2003-04-23,7.93,8.06,7.77,8.00,731700,6.38667
2003-04-22,8.00,8.03,7.77,7.94,928600,6.33877
2003-04-21,8.40,8.40,7.90,8.04,1315000,6.4186
2003-04-18,8.60,8.66,8.39,8.60,926000,6.86566
2003-04-17,8.72,8.76,8.53,8.70,851200,6.94549
2003-04-16,8.65,8.98,8.56999,8.77,2282400,7.00138
2003-04-15,8.67,8.75,8.55,8.68,907400,6.92953
2003-04-14,8.53,8.74,8.43,8.69001,1443800,6.93752
2003-04-11,8.28,8.50001,8.25999,8.50001,494800,6.78583
2003-04-10,8.36,8.42,8.18,8.31999,650700,6.64212
2003-04-09,8.34,8.40,8.19001,8.36,392000,6.67406
2003-04-08,8.44001,8.50001,8.31,8.34,251400,6.65809
2003-04-07,8.61,8.64,8.43,8.44001,240600,6.73793
2003-04-04,8.58,8.62,8.53,8.59,169000,6.85768
2003-04-03,8.59,8.66,8.52,8.60,441500,6.86566
2003-04-02,8.60,8.62,8.55,8.56,153800,6.83373
2003-04-01,8.55,8.65,8.50999,8.60,342100,6.86566
2003-03-31,8.40,8.55,8.38001,8.55,413700,6.82575
2003-03-28,8.42,8.48,8.37,8.40,243200,6.70599
2003-03-27,8.16,8.50001,8.15,8.48,197000,6.76986
2003-03-26,8.30,8.31999,8.22,8.24,89500,6.57826
2003-03-25,8.31999,8.36,8.28,8.28,167800,6.61019
2003-03-24,8.31,8.40,8.29,8.38001,81700,6.69003
2003-03-21,8.27,8.39,8.21,8.38001,139300,6.69003
2003-03-20,8.30,8.38001,8.27,8.30,117700,6.62616
2003-03-19,8.30,8.41,8.24,8.33,132400,6.65011
2003-03-18,8.55,8.58,8.31999,8.33,275800,6.65011
2003-03-17,8.28,8.56,8.15,8.50001,375700,6.78583
2003-03-14,8.31999,8.38001,8.28,8.31,124100,6.63415
2003-03-13,8.46,8.46,8.30,8.31,132800,6.63415
2003-03-12,8.42,8.45,8.28,8.39,204800,6.69801
2003-03-11,8.34,8.46,8.30,8.40,179800,6.70599
2003-03-10,8.64,8.64,8.38001,8.38001,345400,6.69003
2003-03-07,8.78,8.78,8.61,8.61,150100,6.87365
2003-03-06,8.78,8.80,8.65,8.65,126700,6.90558
2003-03-05,8.83,8.85,8.70,8.83,201300,7.04928
2003-03-04,8.75,8.87999,8.72,8.87,287200,7.08121
2003-03-03,8.55,8.79,8.55,8.70,262200,6.94549
2003-02-28,8.71,8.75,8.67,8.70,168400,6.94549
2003-02-27,8.71,8.80,8.69001,8.73,150800,6.96945
2003-02-26,8.78,8.81,8.66,8.72,154600,6.96146
2003-02-25,8.66,8.76,8.58,8.75,207000,6.98542
2003-02-24,8.47,8.62999,8.47,8.55,229400,6.82575
2003-02-21,8.80,8.83,8.50001,8.50999,520000,6.79381
2003-02-20,8.90,8.90,8.80,8.83,205900,7.04928
2003-02-19,8.73,8.87999,8.71,8.84,236800,7.05726
2003-02-18,8.72,8.81999,8.68,8.78,461000,7.00936
2003-02-17,8.95,9.02,8.68,8.72,613100,6.96146
2003-02-14,8.90,9.08,8.89,8.95,567900,7.14507
2003-02-13,8.87999,9.48,8.87999,8.98,2342300,7.16903
2003-02-12,8.40,8.68,8.35,8.68,560400,6.92953
2003-02-11,8.35,8.40,8.28,8.40,368600,6.70599
2003-02-10,8.35,8.45,8.29,8.30,156400,6.62616
2003-02-07,8.53,8.53,8.35,8.35,000,6.66608
2003-02-06,8.53,8.53,8.35,8.35,000,6.66608
2003-02-05,8.53,8.53,8.35,8.35,000,6.66608
2003-02-04,8.53,8.53,8.35,8.35,000,6.66608
2003-02-03,8.53,8.53,8.35,8.35,000,6.66608
2003-01-31,8.53,8.53,8.35,8.35,000,6.66608
2003-01-30,8.53,8.53,8.35,8.35,000,6.66608
2003-01-29,8.53,8.53,8.35,8.35,305800,6.66608
2003-01-28,8.59,8.59,8.48,8.54,223600,6.81776
2003-01-27,8.48,8.66,8.45,8.53,409500,6.80978
2003-01-24,8.35,8.48,8.29,8.44001,229200,6.73793
2003-01-23,8.60,8.60,8.33,8.33,545600,6.65011
2003-01-22,8.25,8.55,8.20,8.54,548600,6.81776
2003-01-21,8.46,8.55,8.25999,8.27,416300,6.60221
2003-01-20,8.40,8.45,8.25,8.45,319900,6.74591
2003-01-17,8.40,8.56,8.31999,8.42,960100,6.72196
2003-01-16,8.20,8.46,8.20,8.40,574900,6.70599
2003-01-15,8.31999,8.36,8.12,8.23,611600,6.57028
2003-01-14,7.94,8.38001,7.88001,8.33,1507400,6.65011
2003-01-13,7.92,7.99,7.86,7.94,302200,6.33877
2003-01-10,8.15,8.17,7.90,7.92,633200,6.3228
2003-01-09,7.85,8.15,7.81999,8.05,872000,6.42658
2003-01-08,7.67,8.00,7.67,7.90,535700,6.30683
2003-01-07,7.65,7.79,7.52,7.62,240500,6.0833
2003-01-06,7.52,7.69001,7.43,7.67,190800,6.12321
2003-01-03,7.57001,7.68,7.48,7.55,441500,6.02741
2003-01-02,7.58,7.75,7.50,7.57001,1033000,6.04338
2003-01-01,7.70,7.74,7.55,7.57001,000,6.04338
2002-12-31,7.70,7.74,7.55,7.57001,187000,6.04338
2002-12-30,7.62,7.77,7.58,7.65,274000,6.10724
2002-12-27,7.68,7.85,7.61,7.75999,218200,6.19506
2002-12-26,8.02,8.06999,7.71,7.72,355800,6.16313
2002-12-25,8.16,8.22,8.08,8.09,116100,6.45851
2002-12-24,8.06,8.23,8.06,8.22,191100,6.56229
2002-12-23,8.23,8.27,8.10,8.14,259500,6.49842
2002-12-20,8.09,8.21,8.00999,8.20,195900,6.54632
2002-12-19,8.00999,8.16,7.95,8.09,435600,6.45851
2002-12-18,8.15,8.29,8.06999,8.08,450700,6.45053
2002-12-17,8.19001,8.25999,8.06,8.14,576300,6.49842
2002-12-16,7.81999,8.37,7.70,8.10,1029400,6.4665
2002-12-13,7.50,7.88001,7.31,7.79,203900,6.21901
2002-12-12,7.54,7.69001,7.54,7.60,101200,6.06733
2002-12-11,7.52,7.60,7.46,7.53,137400,6.01144
2002-12-10,7.78,7.81,7.60,7.61,117200,6.07531
2002-12-09,7.79,7.80,7.65,7.71,95800,6.15514
2002-12-06,7.63001,7.89,7.62,7.70,86500,6.14716
2002-12-05,7.72,7.81,7.61,7.69001,94900,6.13918
2002-12-04,7.81,7.95,7.72,7.75,158800,6.18708
2002-12-03,7.48,7.75,7.48,7.73,133700,6.17111
2002-12-02,7.28,7.97,7.28,7.60,140400,6.06733
2002-11-29,7.85,8.00,7.72,7.89,562700,6.29884
2002-11-28,7.65,7.88001,7.50,7.81999,219000,6.24296
2002-11-27,7.30,7.66,7.25999,7.55,209200,6.02741
2002-11-26,7.60,7.80,7.40,7.43,176900,5.93161
2002-11-25,7.50,7.70,7.50,7.60,110500,6.06733
2002-11-22,7.60,7.70,7.36,7.54,330200,6.01943
2002-11-21,7.70,7.80,7.44999,7.49,263500,5.97951
2002-11-20,7.91,7.91,7.70,7.75999,212000,6.19506
2002-11-19,7.80,8.00,7.71,7.98,282000,6.3707
2002-11-18,7.83,7.90,7.74,7.77,122900,6.20304
2002-11-15,7.90,8.08,7.60,7.92,239500,6.3228
2002-11-14,8.21,8.21,7.81,7.87,250700,6.28288
2002-11-13,8.18,8.25999,8.02,8.20,221900,6.54632
2002-11-12,8.56,8.60,8.25,8.28,225400,6.61019
2002-11-11,8.62,8.67,8.50001,8.55,187000,6.82575
2002-11-08,8.95,9.08,8.55,8.56999,312900,6.84171
2002-11-07,8.98,9.00001,8.85,8.89,133700,7.09718
2002-11-06,9.00001,9.04,8.95,9.00001,181600,7.185
2002-11-05,8.83,9.04,8.81,9.00001,326200,7.185
2002-11-04,8.75,8.81999,8.68,8.81999,150100,7.04129
2002-11-01,8.60,8.75,8.56,8.67,99300,6.92155
2002-10-31,8.70,8.80,8.61,8.62,121500,6.88163
2002-10-30,8.72,8.72,8.60,8.65,146100,6.90558
2002-10-29,8.62999,8.75,8.56,8.74,135400,6.97743
2002-10-28,8.62,8.67,8.52,8.64,219500,6.89759
2002-10-25,8.98,9.00001,8.60,8.72,233100,6.96146
2002-10-24,9.01,9.05,8.90,8.94001,157000,7.1371
2002-10-23,9.00001,9.12,8.95,9.04,204000,7.21693
2002-10-22,8.89,9.10,8.86,9.00001,277500,7.185
2002-10-21,8.81,8.81,8.70,8.76,178100,6.99339
2002-10-18,8.80,8.85,8.70,8.83,213400,7.04928
2002-10-17,9.03,9.03,8.80,8.81999,208200,7.04129
2002-10-16,9.02,9.14,8.96,9.05,275300,7.22491
2002-10-15,9.00001,9.05,8.91,8.95,136100,7.14507
2002-10-14,9.02,9.06,8.84,9.02,289900,7.20096
2002-10-11,9.10,9.16,8.95,9.00001,219200,7.185
2002-10-10,9.00001,9.10,8.90,9.01,219000,7.19297
2002-10-09,9.19001,9.27,8.98,8.98,238100,7.16903
2002-10-08,9.30,9.34,9.17,9.19001,240500,7.33668
2002-10-07,9.37,9.37,9.37,9.37,000,7.48038
2002-10-04,9.37,9.37,9.37,9.37,000,7.48038
2002-10-03,9.37,9.37,9.37,9.37,000,7.48038
2002-10-02,9.37,9.37,9.37,9.37,000,7.48038
2002-10-01,9.37,9.37,9.37,9.37,000,7.48038
2002-09-30,9.37,9.37,9.37,9.37,000,7.48038
2002-09-27,9.62,9.70,9.36,9.37,472700,7.48038
2002-09-26,9.80,9.90,9.59,9.62,460500,7.67996
2002-09-25,9.80,9.95,9.75001,9.79,384500,7.81568
2002-09-24,10.07,10.11,9.81001,9.83,316000,7.84761
2002-09-23,10.08,10.20,9.95,10.05,444900,8.02325
2002-09-20,9.93,10.18,9.80,10.02,639800,7.99929
2002-09-19,9.68,9.99,9.61,9.93,410100,7.92745
2002-09-18,9.87,9.87,9.70,9.74,367000,7.77576
2002-09-17,10.06001,10.18999,9.70,9.87,708800,7.87955
2002-09-16,10.43,10.43,10.06001,10.09,783300,8.05518
2002-09-13,10.45,10.52,10.40,10.43,371100,8.32661
2002-09-12,10.60,10.60,10.40,10.49,702300,8.37451
2002-09-11,10.58,10.63,10.32,10.53,1225600,8.40644
2002-09-10,10.37999,10.62001,10.37999,10.56001,2162700,8.4304
2002-09-09,10.33,10.45,10.18999,10.37999,947700,8.28669
2002-09-06,10.37001,10.46,10.28,10.30,620500,8.22283
2002-09-05,10.29,10.45,10.10,10.43,1243600,8.32661
2002-09-04,10.24999,10.46,10.18,10.28,1047100,8.20686
2002-09-03,10.23,10.27,10.16,10.21,269300,8.15098
2002-09-02,10.10,10.22,10.00001,10.21,208000,8.15098
2002-08-30,10.00001,10.09,9.99,10.01,118400,7.99131
2002-08-29,10.11,10.15,9.98,9.98,210100,7.96736
2002-08-28,10.12,10.16,10.05,10.08,179200,8.04719
2002-08-27,9.91,10.24999,9.91,10.16,417900,8.11106
2002-08-26,10.00001,10.00001,9.86,9.90,155100,7.90349
2002-08-23,10.05,10.12,9.99,10.00001,232600,7.98333
2002-08-22,10.08,10.15,10.01,10.14,410300,8.09509
2002-08-21,10.00001,10.18999,9.97,10.10,807600,8.06316
2002-08-20,9.95,10.05,9.89,10.00001,317500,7.98333
2002-08-19,9.89,9.93999,9.83,9.86,106400,7.87156
2002-08-16,9.67,9.95,9.65,9.93999,312000,7.93542
2002-08-15,9.71,9.80,9.65,9.65,188800,7.70391
2002-08-14,9.65,9.72,9.60,9.72,114500,7.75979
2002-08-13,9.61,9.72,9.56999,9.58,77800,7.64802
2002-08-12,9.65,9.68999,9.56,9.62,74900,7.67996
2002-08-09,9.71,9.77,9.62,9.68,214900,7.72786
2002-08-08,9.84,9.92,9.68999,9.73,128400,7.76778
2002-08-07,9.90,9.90,9.80,9.84,94500,7.85559
2002-08-06,9.74,9.97,9.71,9.89,185000,7.89551
2002-08-05,9.72,9.79,9.68,9.72,93000,7.75979
2002-08-02,9.75001,9.88,9.72,9.81001,105600,7.83165
2002-08-01,9.83,9.87,9.68,9.77,227800,7.79971
2002-07-31,9.80,9.99,9.80,9.85,416100,7.86358
2002-07-30,9.80,9.88,9.68,9.84,224600,7.85559
2002-07-29,9.77,9.85,9.65,9.81001,231100,7.83165
2002-07-26,9.98,10.00001,9.77,9.77,690000,7.79971
2002-07-25,10.05,10.15,9.95,9.98,185100,7.96736
2002-07-24,10.00001,10.10,9.98,10.06001,219700,8.03123
2002-07-23,10.00001,10.15,9.90,9.98,531500,7.96736
2002-07-22,10.35,10.35,10.00001,10.04,907000,8.01526
2002-07-19,10.20,10.35,10.15,10.31001,508400,8.23081
2002-07-18,10.23,10.28,10.10,10.20,536400,8.14299
2002-07-17,10.23,10.26,10.02,10.24999,581200,8.18291
2002-07-16,10.30,10.48,10.10,10.27,1277600,8.19888
2002-07-15,10.62001,10.62001,10.30,10.32,1244600,8.23879
2002-07-12,10.72,10.74999,10.46,10.62001,2008300,8.4783
2002-07-11,10.24999,10.99999,10.23,10.69,5306000,8.53417
2002-07-10,10.20,10.51,10.13,10.18999,3115900,8.13501
2002-07-09,10.10,10.24,9.95,10.00001,1087100,7.98333
2002-07-08,10.08,10.30,10.08,10.24,380100,8.17493
2002-07-05,10.02,10.06001,9.95,10.06001,143700,8.03123
2002-07-04,10.01,10.11,9.91,10.02,421400,7.99929
2002-07-03,10.00001,10.10,9.93999,10.01,202600,7.99131
2002-07-02,9.88,10.00001,9.82,10.00001,352100,7.98333
2002-07-01,10.05,10.10,9.88,9.90,290900,7.90349
2002-06-28,10.24,10.35,9.90,10.03,693100,8.00728
2002-06-27,10.28,10.34,10.11,10.24,506200,8.17493
2002-06-26,10.03,10.36,9.92,10.35,1000600,8.26274
2002-06-25,10.24999,10.52,10.06001,10.08,1412300,8.04719
2002-06-24,10.30,10.30,9.87,10.30,2592500,8.22283
2002-06-21,9.06,9.42,8.98,9.36,790000,7.4724
2002-06-20,8.90,9.06,8.80,9.01,387500,7.19297
2002-06-19,9.01,9.04,8.90,8.90,88900,7.10516
2002-06-18,8.78,9.06,8.78,8.99,188700,7.17701
2002-06-17,8.80,8.80,8.68,8.78,98000,7.00936
2002-06-14,8.65,8.92,8.65,8.70,197700,6.94549
2002-06-13,9.05,9.06999,8.87999,8.89,167600,7.09718
2002-06-12,9.05,9.05,8.93,9.03,118700,7.20894
2002-06-11,8.92,9.12999,8.90,9.10,253400,7.26483
2002-06-10,9.05,9.05,8.86,8.95,144100,7.14507
2002-06-07,8.87999,9.12,8.78,9.08,558100,7.24886
2002-06-06,8.25,9.06999,8.22,8.94001,435700,7.1371
2002-06-05,8.70,8.76,8.39,8.41,252000,6.67649
2002-06-04,8.60,8.80,8.56999,8.74,402500,6.93847
2002-06-03,9.01,9.01,8.67,8.68,434700,6.89084
2002-05-31,9.10,9.20,9.00001,9.09,326200,7.21632
2002-05-30,9.15,9.29,8.98,9.12,146100,7.24015
2002-05-29,9.49,9.49,9.06999,9.14,276500,7.25602
2002-05-28,9.52,9.58,9.41,9.45,172300,7.50212
2002-05-27,9.40,9.50001,9.30,9.49,156600,7.53388
2002-05-24,9.40,9.46,9.29,9.30,260600,7.38304
2002-05-23,9.33,9.53,9.33,9.45,238000,7.50212
2002-05-22,9.03,9.55,9.03,9.33,338000,7.40685
2002-05-21,9.47,9.60,9.31999,9.50001,614700,7.54182
2002-05-20,9.37,9.40,8.92,9.12999,500100,7.24808
2002-05-17,9.36,9.59,9.21,9.39,536400,7.45449
2002-05-16,9.83,9.85,9.20,9.25001,856400,7.34335
2002-05-15,10.20,10.22,9.85,9.87,407100,7.83555
2002-05-14,10.15,10.31001,10.14,10.24999,300000,8.13722
2002-05-13,10.15,10.24,10.02,10.14,300500,8.04989
2002-05-10,10.37999,10.37999,10.08,10.17,585600,8.07371
2002-05-09,10.37999,10.49999,10.24999,10.29,529000,8.16898
2002-05-08,10.57,10.60,10.35,10.43999,363600,8.28805
2002-05-07,10.78,10.79,10.49999,10.56001,000,8.38333
2002-05-06,10.78,10.79,10.49999,10.56001,000,8.38333
2002-05-03,10.78,10.79,10.49999,10.56001,000,8.38333
2002-05-02,10.78,10.79,10.49999,10.56001,000,8.38333
2002-05-01,10.78,10.79,10.49999,10.56001,000,8.38333
2002-04-30,10.78,10.79,10.49999,10.56001,941600,8.38333
2002-04-29,10.60,10.70,10.35,10.64,1958300,8.44683
2002-04-26,10.49999,10.59,10.32,10.55,1224700,8.37539
2002-04-25,10.10,10.99999,10.10,10.54,2204100,8.36745
2002-04-24,10.30,10.30,10.10,10.13,391700,8.04195
2002-04-23,10.40,10.47,10.27,10.30,438100,8.17692
2002-04-22,10.22,10.55,10.08,10.43999,1626800,8.28805
2002-04-19,9.85,10.30,9.68,10.27,582500,8.1531
2002-04-18,10.22,10.22,9.98,10.00001,622300,7.93876
2002-04-17,10.30,10.35,10.03,10.22,707400,8.1134
2002-04-16,10.40,10.40,10.40,10.40,000,8.2563
2002-04-15,10.00001,10.49999,10.00001,10.40,2086600,8.2563
2002-04-12,9.85,10.10,9.80,10.00001,492000,7.93876
2002-04-11,10.10,10.20,9.82,9.83,678200,7.80379
2002-04-10,10.20,10.24999,10.04,10.10,636800,8.01814
2002-04-09,10.00001,10.20,9.88,10.16,1201400,8.06577
2002-04-08,9.62999,10.00001,9.62,10.00001,1009700,7.93876
2002-04-05,9.70,9.77,9.53,9.61,436700,7.62914
2002-04-04,9.37999,9.65,9.21,9.62,360900,7.63708
2002-04-03,9.19001,9.36,9.18,9.35,273300,7.42273
2002-04-02,9.40,9.48,9.10,9.19001,289100,7.29572
2002-04-01,9.36,9.45,9.22,9.40,345900,7.46243
2002-03-29,9.66,9.66,9.20,9.41,940000,7.47037
2002-03-28,9.70,9.83,9.59,9.72,381100,7.71647
2002-03-27,9.60,9.76,9.56,9.74,474000,7.73235
2002-03-26,9.93999,9.97,9.55,9.64,724700,7.65295
2002-03-25,10.02,10.02,9.76,9.93999,809600,7.89112
2002-03-22,9.56999,10.10,9.55,10.02,2169100,7.95463
2002-03-21,9.54,9.65,9.41,9.56999,576900,7.59738
2002-03-20,9.48,9.65,9.41,9.54,715400,7.57357
2002-03-19,9.22,9.48,9.15,9.45,662800,7.50212
2002-03-18,9.31999,9.50001,9.11,9.27,608000,7.35922
2002-03-15,9.65,9.65,9.08,9.10,844600,7.22426
2002-03-14,8.90,9.60,8.90,9.55,853700,7.58151
2002-03-13,9.30,9.40,8.91,8.95,905900,7.10518
2002-03-12,9.62999,9.80,9.35,9.36,1318100,7.43067
2002-03-11,9.23,9.65,9.14,9.62999,1237200,7.64501
2002-03-08,9.15,9.28,8.87999,9.18,1431500,7.28778
2002-03-07,8.65,9.14,8.65,9.09,1110700,7.21632
2002-03-06,8.50001,8.85,8.50001,8.65,1097200,6.86702
2002-03-05,8.25,8.54,8.20,8.46,618900,6.71618
2002-03-04,8.08,8.22,8.00,8.20,302100,6.50977
2002-03-01,8.20,8.28,8.00999,8.09,366900,6.42245
2002-02-28,8.50001,8.50001,8.21,8.25,352600,6.54947
2002-02-27,8.37,8.54,8.25999,8.46,512100,6.71618
2002-02-26,8.30,8.36,8.12,8.36,323500,6.6368
2002-02-25,8.30,8.39,8.15,8.25999,400200,6.55741
2002-02-22,8.20,8.30,8.00,8.05,000,6.3907
2002-02-21,8.20,8.30,8.00,8.05,000,6.3907
2002-02-20,8.20,8.30,8.00,8.05,000,6.3907
2002-02-19,8.20,8.30,8.00,8.05,000,6.3907
2002-02-18,8.20,8.30,8.00,8.05,000,6.3907
2002-02-15,8.20,8.30,8.00,8.05,000,6.3907
2002-02-14,8.20,8.30,8.00,8.05,000,6.3907
2002-02-13,8.20,8.30,8.00,8.05,000,6.3907
2002-02-12,8.20,8.30,8.00,8.05,000,6.3907
2002-02-11,8.20,8.30,8.00,8.05,000,6.3907
2002-02-08,8.20,8.30,8.00,8.05,435100,6.3907
2002-02-07,7.78,8.23,7.78,8.19001,796400,6.50184
2002-02-06,8.25,8.30,7.90,7.91,590500,6.27955
2002-02-05,8.20,8.33,8.08,8.19001,385200,6.50184
2002-02-04,7.85,8.27,7.85,8.19001,427400,6.50184
2002-02-01,8.09,8.09,7.81999,7.98,646800,6.33512
2002-01-31,7.50,8.05,7.40,8.00,731400,6.35101
2002-01-30,7.00999,7.44,7.00999,7.35,459900,5.83498
2002-01-29,6.69999,7.14,6.51001,7.09,410700,5.62857
2002-01-28,7.00,7.47,6.69999,6.71,658500,5.3269
2002-01-25,7.05,7.39,7.00999,7.25,586700,5.7556
2002-01-24,6.90,7.44999,6.62,7.21,1039900,5.72384
2002-01-23,6.40,6.98,6.25,6.96,832200,5.52537
2002-01-22,6.34,6.81,6.33,6.42,1210200,5.09668
2002-01-21,7.05,7.05,7.03,7.03,201600,5.58094
2002-01-18,7.81999,7.98,7.50,7.81,415700,6.20017
2002-01-17,8.50001,8.50001,7.90,7.98,192700,6.33512
2002-01-16,8.50001,8.69001,8.31,8.50001,116300,6.74794
2002-01-15,8.50001,8.77,8.30,8.34,150000,6.62092
2002-01-14,8.78,8.78,8.55,8.55,213600,6.78763
2002-01-11,9.20,9.20,8.87,8.89,153700,7.05755
2002-01-10,9.15,9.40,8.83,9.28,173800,7.36716
2002-01-09,9.30,9.34,8.98,9.08,202100,7.20838
2002-01-08,9.53,9.59,9.30,9.33,72400,7.40685
2002-01-07,9.60,9.70,9.37999,9.49,131600,7.53388
2002-01-04,9.96,9.96,9.70,9.70,72900,7.70059
2002-01-03,9.90,9.98,9.80,9.97,000,7.91494
2002-01-02,9.90,9.98,9.80,9.97,000,7.91494
2002-01-01,9.90,9.98,9.80,9.97,000,7.91494
2001-12-31,9.90,9.98,9.80,9.97,187000,7.91494
2001-12-28,9.80,9.91,9.68,9.85,109400,7.81967
2001-12-27,9.83,9.90,9.78,9.81001,118600,7.78792
2001-12-26,9.68,9.82,9.60,9.81001,138700,7.78792
2001-12-25,9.70,9.77,9.52,9.68999,151600,7.69265
2001-12-24,10.05,10.09,9.20,9.72,91300,7.71647
2001-12-21,9.95,10.09,9.95,10.09,141000,8.0102
2001-12-20,10.35,10.35,10.00001,10.01,268700,7.94669
2001-12-19,10.55,10.60,10.41,10.41,103500,8.26424
2001-12-18,10.32,10.55,10.32,10.54,147400,8.36745
2001-12-17,10.40,10.55,10.22,10.39,221900,8.24836
2001-12-14,10.65,10.65,10.40,10.45,515400,8.29599
2001-12-13,10.89,11.05,10.70,10.73,181300,8.51828
2001-12-12,11.11,11.15,10.90,10.91,160200,8.66118
2001-12-11,11.20,11.20,11.04,11.13,108800,8.83583
2001-12-10,11.10,11.18001,10.99999,11.16,107200,8.85965
2001-12-07,11.18001,11.28,11.11,11.15,200600,8.85171
2001-12-06,10.95,11.29,10.90,11.18001,227500,8.87553
2001-12-05,11.35,11.45,11.06001,11.07,534800,8.7882
2001-12-04,11.59,11.59,11.30,11.50,295800,9.12956
2001-12-03,11.51,11.51,11.35,11.47,468400,9.10575
2001-11-30,11.36,11.47,11.30999,11.37001,268200,9.02637
2001-11-29,11.30999,11.48,11.20,11.36,490700,9.01843
2001-11-28,11.40,11.50,11.28,11.30999,652400,8.97872
2001-11-27,10.84,11.30,10.82,11.30,943300,8.97079
2001-11-26,10.99999,11.07,10.82,10.86,250000,8.62149
2001-11-23,11.15,11.15,10.94,11.10,298900,8.81202
2001-11-22,10.92,11.17,10.80,11.14,778300,8.84377
2001-11-21,10.96,10.96,10.72,10.89,330800,8.6453
2001-11-20,10.69,11.07,10.65,10.94,210800,8.68499
2001-11-19,10.49999,10.70,10.42,10.68,966300,8.47859
2001-11-16,11.33,11.36,10.48,10.49999,966300,8.33569
2001-11-15,10.49999,10.49999,10.18,10.34,270000,8.20867
2001-11-14,10.40,10.56001,10.28,10.31001,350300,8.18486
2001-11-13,10.10,10.39,9.98,10.37999,456000,8.24042
2001-11-12,10.14,10.40,10.03,10.18,229800,8.08165
2001-11-09,9.74,10.15,9.58,10.00001,352400,7.93876
2001-11-08,9.51,9.80,9.31001,9.66,158700,7.66884
2001-11-07,10.26,10.26,9.61,9.75001,311000,7.74029
2001-11-06,10.26,10.41,10.22,10.29,229300,8.16898
2001-11-05,10.30,10.36,10.18999,10.30,144100,8.17692
2001-11-02,10.20,10.31001,10.05,10.23,255700,8.12135
2001-11-01,10.05,10.30,10.05,10.20,198200,8.09752
2001-10-31,10.09,10.09,9.81001,10.00001,188100,7.93876
2001-10-30,10.20,10.22,10.08,10.08,115300,8.00226
2001-10-29,10.06001,10.33,10.00001,10.20,197100,8.09752
2001-10-26,10.00001,10.15,9.78,10.00001,253500,7.93876
2001-10-25,10.43,10.43,10.05,10.06001,305500,7.98639
2001-10-24,10.20,10.61,10.20,10.43,1019200,8.28012
2001-10-23,9.90,9.91,9.61,9.91,507500,7.8673
2001-10-22,9.51,9.60,8.90,9.01,234800,7.15281
2001-10-19,10.02,10.09,9.60,9.62999,209300,7.64501
2001-10-18,10.16,10.43999,10.00001,10.06001,459600,7.98639
2001-10-17,10.00001,10.18999,9.90,10.07,252000,7.99432
2001-10-16,10.28,10.35,10.06001,10.16,52400,8.06577
2001-10-15,10.40,10.45,10.05,10.37001,126400,8.23249
2001-10-12,10.05,10.45,9.82,10.35,240800,8.21661
2001-10-11,10.60,10.60,10.00001,10.00001,215900,7.93876
2001-10-10,10.80,10.81001,10.31001,10.65,191400,8.45477
2001-10-09,10.56001,11.20,10.49999,10.90,338800,8.65324
2001-10-08,11.12001,11.12001,10.70,10.71,163900,8.5024
2001-10-05,11.16,11.20,11.03,11.10,000,8.81202
2001-10-04,11.16,11.20,11.03,11.10,000,8.81202
2001-10-03,11.16,11.20,11.03,11.10,000,8.81202
2001-10-02,11.16,11.20,11.03,11.10,000,8.81202
2001-10-01,11.16,11.20,11.03,11.10,000,8.81202
2001-09-28,11.16,11.20,11.03,11.10,110300,8.81202
2001-09-27,11.11,11.28,11.01,11.13,165100,8.83583
2001-09-26,11.52,11.59,11.16,11.18001,180900,8.87553
2001-09-25,11.35,11.64,11.35,11.49,422100,9.12163
2001-09-24,11.28,11.47,11.26,11.33,235300,8.9946
2001-09-21,11.18999,11.30,11.15,11.23,97000,8.91522
2001-09-20,11.36,11.46,11.20,11.22,298700,8.90728
2001-09-19,11.20,11.30,10.90,11.27,157300,8.94697
2001-09-18,10.80,11.38,10.80,11.18999,217800,8.88346
2001-09-17,11.70,11.70,10.99999,11.01,443800,8.74056
2001-09-14,11.86996,11.90999,11.65,11.71,155600,9.29628
2001-09-13,12.00003,12.10005,11.85,11.85998,108600,9.41534
2001-09-12,11.70,12.19995,11.55,11.91997,332300,9.46297
2001-09-11,12.12001,12.22002,12.00003,12.07998,134700,9.58999
2001-09-10,11.70,12.17002,11.50,12.12998,213100,9.62969
2001-09-07,12.28999,12.28999,11.79999,11.84002,249400,9.3995
2001-09-06,12.38003,12.46995,12.28001,12.30995,100400,9.77256
2001-09-05,12.30995,12.50001,12.28001,12.33002,152900,9.7885
2001-09-04,11.97996,12.29997,11.90999,12.27003,124100,9.74088
2001-09-03,11.95002,12.00003,11.90001,11.91997,72100,9.46297
2001-08-31,11.96,12.10005,11.95002,11.96,68300,9.49475
2001-08-30,12.14994,12.19995,11.95002,11.96,92200,9.49475
2001-08-29,12.19995,12.24996,12.07998,12.12001,127400,9.62177
2001-08-28,12.00003,12.19995,11.79999,12.11003,251400,9.61385
2001-08-27,12.48005,12.66001,12.00003,12.01001,306200,9.53445
2001-08-24,12.80006,12.84996,12.50001,12.55002,134900,9.96315
2001-08-23,12.57995,12.89997,12.57995,12.80006,136700,10.16165
2001-08-22,12.92004,13.08005,12.61,12.94,155400,10.27274
2001-08-21,13.08005,13.08005,12.94997,13.00996,79600,10.32829
2001-08-20,12.84996,13.11996,12.80006,12.94997,92000,10.28066
2001-08-17,12.87003,12.88001,12.70005,12.81004,137900,10.16957
2001-08-16,12.99998,13.03004,12.70005,12.92004,178800,10.2569
2001-08-15,13.06995,13.15001,12.92004,13.04999,172900,10.36007
2001-08-14,13.20002,13.30004,12.84996,13.04999,231200,10.36007
2001-08-13,13.15001,13.28994,13.10,13.21998,183600,10.49501
2001-08-10,13.16997,13.24005,13.09002,13.15001,326200,10.43947
2001-08-09,12.80006,13.15001,12.78997,13.14003,219100,10.43155
2001-08-08,12.45,12.84996,12.45,12.78997,142500,10.15364
2001-08-07,12.39999,12.84996,12.29997,12.68995,314600,10.07424
2001-08-06,13.10,13.10,12.45,12.51996,392200,9.93929
2001-08-03,13.17995,13.37001,13.11996,13.26001,160900,10.52679
2001-08-02,13.49996,13.49996,12.88001,13.16997,337500,10.45531
2001-08-01,13.17995,13.48,13.14003,13.43997,524200,10.66966
2001-07-31,12.99998,13.42999,12.82002,13.08005,558300,10.38392
2001-07-30,13.99994,14.08998,12.94997,13.03004,615800,10.34422
2001-07-27,13.95005,14.24001,13.85003,14.02001,433300,11.13014
2001-07-26,14.68,14.79997,13.99994,14.05006,981600,11.154
2001-07-25,15.23996,15.27001,14.89999,14.99003,338300,11.90021
2001-07-24,15.36005,15.49999,15.11001,15.23996,945900,12.09863
2001-07-23,15.33,15.55,15.29995,15.37003,1285200,12.20189
2001-07-20,15.20005,15.39997,15.11998,15.27001,747200,12.12248
2001-07-19,14.98005,15.20005,14.82005,15.20005,322400,12.06694
2001-07-18,14.89999,15.00999,14.84,14.95998,146300,11.87636
2001-07-17,14.89999,15.00001,14.79997,14.95,187100,11.86843
2001-07-16,14.89999,15.15004,14.84998,14.95998,334000,11.87636
2001-07-13,14.89999,15.10003,14.82005,14.84998,230500,11.78903
2001-07-12,14.89999,15.00001,14.82005,14.85996,186400,11.79695
2001-07-11,15.20005,15.20005,14.91995,14.95,251600,11.86843
2001-07-10,15.09005,15.20005,14.90997,15.18995,344800,12.05892
2001-07-09,15.10003,15.21002,14.89999,14.90997,383500,11.83665
2001-07-06,15.13994,15.27999,15.03006,15.11001,375600,11.99546
2001-07-05,15.33,15.33,15.07995,15.22,486700,12.08278
2001-07-04,15.16999,15.43002,15.16002,15.33,755400,12.17011
2001-07-03,15.20005,15.28997,14.89001,15.16999,448400,12.04308
2001-07-02,15.20005,15.39997,15.03006,15.17997,444500,12.051
2001-06-29,15.22998,15.29995,15.11998,15.17997,442700,12.051
2001-06-28,14.83002,15.34996,14.79997,15.22998,1850200,12.09071
2001-06-27,15.09005,15.09005,14.60005,14.82005,1799800,11.76527
2001-06-26,15.07995,15.13994,14.78001,15.01996,642500,11.92398
2001-06-25,14.90997,15.01996,14.79997,14.99003,307500,11.90021
2001-06-22,14.72003,14.89001,14.68,14.79997,177900,11.74933
2001-06-21,14.56002,14.78001,14.55004,14.72003,247400,11.68586
2001-06-20,14.65006,14.74996,14.55004,14.57,290600,11.56676
2001-06-19,14.68,14.79997,14.55004,14.72003,341600,11.68586
2001-06-18,15.15004,15.20005,14.61003,14.68,617800,11.65408
2001-06-15,15.00001,15.23996,14.90997,15.15004,592600,12.02724
2001-06-14,15.10003,15.65001,15.03006,15.04004,913600,11.93991
2001-06-13,15.60,15.65001,15.39997,15.54002,762800,12.33683
2001-06-12,15.17997,15.55,15.17997,15.55,1161100,12.34476
2001-06-11,15.16002,15.26003,15.00999,15.16999,425900,12.04308
2001-06-08,15.39997,15.39997,15.00001,15.13994,540400,12.01922
2001-06-07,15.41006,15.55,15.29995,15.31004,989500,12.15426
2001-06-06,15.17997,15.45995,15.05002,15.39997,710100,12.22565
2001-06-05,15.36005,15.36005,15.10003,15.11998,607000,12.00338
2001-06-04,15.15004,15.48003,15.15004,15.33998,739800,12.10347
2001-06-01,15.23996,15.27999,15.07995,15.20005,912800,11.99306
2001-05-31,15.03006,15.27999,15.00999,15.16999,1322300,11.96935
2001-05-30,14.77004,14.98005,14.77004,14.96996,477900,11.81152
2001-05-29,14.63996,14.79997,14.60005,14.77004,237400,11.65378
2001-05-28,14.89999,14.90997,14.50003,14.65006,330300,11.55912
2001-05-25,15.05002,15.05002,14.72003,14.94002,382900,11.7879
2001-05-24,14.55004,15.11998,14.55004,15.04004,659500,11.86682
2001-05-23,15.03006,15.10003,14.74996,14.85996,506800,11.72473
2001-05-22,14.74996,15.09005,14.74996,15.03006,995400,11.85894
2001-05-21,14.73,14.82005,14.55004,14.74996,465300,11.63794
2001-05-18,14.45002,14.79997,14.45002,14.73998,384200,11.63007
2001-05-17,14.84998,14.84998,14.50003,14.51001,563300,11.44862
2001-05-16,14.89999,14.94002,14.66004,14.75994,544400,11.64581
2001-05-15,14.98005,14.98005,14.72003,14.82005,414200,11.69324
2001-05-14,14.79997,15.10003,14.69995,14.89001,783900,11.74844
2001-05-11,14.84998,14.85996,14.68,14.79997,358800,11.6774
2001-05-10,14.84998,14.95,14.66004,14.80995,563700,11.68527
2001-05-09,14.96996,15.22998,14.72003,14.79997,2009000,11.6774
2001-05-08,14.69995,14.93004,14.55004,14.90997,137000,11.76419
2001-05-07,14.57998,14.69995,14.37994,14.55004,000,11.4802
2001-05-04,14.57998,14.69995,14.37994,14.55004,000,11.4802
2001-05-03,14.57998,14.69995,14.37994,14.55004,000,11.4802
2001-05-02,14.57998,14.69995,14.37994,14.55004,000,11.4802
2001-05-01,14.57998,14.69995,14.37994,14.55004,000,11.4802
2001-04-30,14.57998,14.69995,14.37994,14.55004,374400,11.4802
2001-04-27,14.77004,14.78001,14.41997,14.57998,626000,11.50382
2001-04-26,14.69995,14.88003,14.30997,14.79997,725000,11.6774
2001-04-25,14.89001,14.89001,14.89001,14.89001,000,11.74844
2001-04-24,14.85996,15.00999,14.74996,14.89001,2088400,11.74844
2001-04-23,14.57998,14.78001,14.47996,14.78001,1237400,11.66165
2001-04-20,14.19998,14.65006,14.19998,14.57998,904400,11.50382
2001-04-19,14.46998,14.46998,14.24998,14.33005,400800,11.30662
2001-04-18,14.44004,14.52997,14.20995,14.45002,434600,11.40128
2001-04-17,14.19998,14.46,14.18002,14.45002,646000,11.40128
2001-04-16,14.24001,14.27006,14.14997,14.20995,474500,11.21187
2001-04-13,14.18002,14.29002,14.09996,14.24998,436100,11.24345
2001-04-12,14.15994,14.24998,14.05006,14.17004,365000,11.18037
2001-04-11,14.27006,14.28004,14.09996,14.15994,286100,11.17241
2001-04-10,13.98996,14.25996,13.87996,14.25996,409200,11.25132
2001-04-09,13.99994,14.02001,13.86001,13.98996,317100,11.03829
2001-04-06,13.90004,13.99994,13.86001,13.98996,285000,11.03829
2001-04-05,13.75001,13.89006,13.71995,13.86001,297300,10.93575
2001-04-04,13.97,14.03997,13.75001,13.85003,339500,10.92788
2001-04-03,14.07002,14.09996,13.92997,13.96002,341100,11.01467
2001-04-02,13.99994,14.08,13.95005,14.07002,449300,11.10146
2001-03-30,13.99994,14.14997,13.99994,14.05006,336800,11.08571
2001-03-29,14.24998,14.24998,13.97998,14.02001,444700,11.062
2001-03-28,14.28004,14.28004,14.06004,14.14997,290300,11.16453
2001-03-27,14.29999,14.37994,14.12003,14.28004,266700,11.26716
2001-03-26,13.85003,14.29999,13.85003,14.27006,976300,11.25929
2001-03-23,14.12003,14.17004,13.70,13.84005,368400,10.92001
2001-03-22,14.18002,14.29002,14.05006,14.11005,184300,11.13304
2001-03-21,14.07002,14.18002,13.99994,14.02999,385900,11.06987
2001-03-20,13.67006,14.09996,13.67006,14.07002,471300,11.10146
2001-03-19,13.49996,13.68004,13.49996,13.65997,285700,10.77792
2001-03-16,13.69002,13.74003,13.49996,13.54997,259800,10.69113
2001-03-15,13.70,13.75001,13.65997,13.73005,202000,10.83322
2001-03-14,13.70998,13.75001,13.58002,13.70998,186700,10.81738
2001-03-13,13.79004,13.97,13.68004,13.70998,278100,10.81738
2001-03-12,13.90004,13.90004,13.70,13.80002,184000,10.88842
2001-03-09,13.53001,13.80002,13.53001,13.75999,388400,10.85684
2001-03-08,13.39994,13.68004,13.35005,13.53001,178100,10.67538
2001-03-07,13.43997,13.61994,13.43997,13.55995,87900,10.699
2001-03-06,13.35005,13.49996,13.30004,13.42002,116000,10.58859
2001-03-05,13.59998,13.64999,13.33995,13.39994,158300,10.57276
2001-03-02,13.36003,13.69002,13.36003,13.59,159800,10.72271
2001-03-01,13.22996,13.39994,13.22996,13.35005,153400,10.53339
2001-02-28,13.35005,13.43997,13.20002,13.31002,158500,10.5018
2001-02-27,13.08005,13.37999,13.08005,13.37999,147300,10.55701
2001-02-26,13.00996,13.20002,12.88001,13.11996,235700,10.35184
2001-02-23,12.99001,13.21,12.70005,12.95995,327000,10.2256
2001-02-22,13.15001,13.39994,12.97005,12.99001,191900,10.24931
2001-02-21,13.59998,13.59998,13.10998,13.16997,302400,10.3913
2001-02-20,13.52004,13.81,13.52004,13.58002,148800,10.71484
2001-02-19,13.49996,13.76996,13.39994,13.68004,204300,10.79376
2001-02-16,13.75001,13.75001,13.39994,13.44995,312200,10.61221
2001-02-15,13.80002,13.92997,13.70,13.77994,122700,10.87258
2001-02-14,13.81,13.92997,13.75001,13.75001,120900,10.84896
2001-02-13,13.99994,13.99994,13.70,13.81,177800,10.89629
2001-02-12,13.99994,13.99994,13.70,13.85003,166600,10.92788
2001-02-09,13.86001,14.09996,13.80002,13.98996,239300,11.03829
2001-02-08,14.22005,14.29999,13.77994,13.80002,214900,10.88842
2001-02-07,14.20995,14.41997,14.01003,14.24001,163000,11.23558
2001-02-06,14.40001,14.40001,13.97998,14.19998,221600,11.20399
2001-02-05,14.84998,14.84998,14.29999,14.45002,293800,11.40128
2001-02-02,14.71005,14.84998,14.68,14.78001,000,11.66165
2001-02-01,14.71005,14.84998,14.68,14.78001,000,11.66165
2001-01-31,14.71005,14.84998,14.68,14.78001,000,11.66165
2001-01-30,14.71005,14.84998,14.68,14.78001,000,11.66165
2001-01-29,14.71005,14.84998,14.68,14.78001,000,11.66165
2001-01-26,14.71005,14.84998,14.68,14.78001,000,11.66165
2001-01-25,14.71005,14.84998,14.68,14.78001,000,11.66165
2001-01-24,14.71005,14.84998,14.68,14.78001,000,11.66165
2001-01-23,14.71005,14.84998,14.68,14.78001,000,11.66165
2001-01-22,14.71005,14.84998,14.68,14.78001,000,11.66165
2001-01-19,14.71005,14.84998,14.68,14.78001,259800,11.66165
2001-01-18,14.62001,14.85996,14.62001,14.67002,253200,11.57486
2001-01-17,14.85996,14.85996,14.61003,14.65006,277300,11.55912
2001-01-16,14.60005,14.94002,14.60005,14.84998,248100,11.71686
2001-01-15,15.27999,15.27999,14.57998,14.74996,500200,11.63794
2001-01-12,15.49999,15.60,15.28997,15.31004,403200,12.07985
2001-01-11,15.45995,15.62994,15.27999,15.44,740800,12.18239
2001-01-10,15.06,15.60,15.06,15.51994,1934200,12.24547
2001-01-09,15.00001,15.15004,14.79997,14.93004,228600,11.78003
2001-01-08,14.84998,15.27999,14.65006,15.00001,831300,11.83523
2001-01-05,14.98005,15.00999,14.72003,14.82005,667500,11.69324
2001-01-04,15.16002,15.22,15.00001,15.00999,480700,11.8431
2001-01-03,15.06,15.16002,15.00001,15.12996,539800,11.93777
2001-01-02,14.96996,15.01996,14.88003,15.01996,471100,11.85098
2001-01-01,14.91995,15.00001,14.66004,14.96996,000,11.81152
2000-12-29,14.91995,15.00001,14.66004,14.96996,397300,11.81152
2000-12-28,14.68,15.07995,14.60005,14.73,1364700,11.62219
2000-12-27,14.89999,14.89999,14.57998,14.60005,528200,11.51966
2000-12-26,15.00001,15.00001,14.75994,14.89999,348000,11.75631
2000-12-25,14.67002,14.98005,14.62999,14.89999,417900,11.75631
2000-12-22,14.89999,15.00001,14.61003,14.67002,404700,11.57486
2000-12-21,15.01996,15.18995,14.78001,14.83002,392100,11.70111
2000-12-20,14.84,15.10003,14.71005,15.00001,331100,11.83523
2000-12-19,14.69995,14.89999,14.65006,14.84,222800,11.70898
2000-12-18,14.80995,14.80995,14.50003,14.63996,286600,11.55115
2000-12-15,15.15004,15.15004,14.77004,14.79997,308300,11.6774
2000-12-14,15.10003,15.20005,15.00001,15.11998,172100,11.92989
2000-12-13,15.18995,15.26003,15.01996,15.10003,195000,11.91415
2000-12-12,14.99003,15.18995,14.79997,15.18995,321800,11.9851
2000-12-11,15.15004,15.39997,14.95,14.98005,350700,11.81949
2000-12-08,15.01996,15.25006,14.99003,15.09005,530500,11.90627
2000-12-07,15.27999,15.29995,15.00001,15.01996,772600,11.85098
2000-12-06,15.49999,15.70002,15.27001,15.27999,584600,12.05614
2000-12-05,15.76999,15.76999,15.45995,15.58005,348200,12.29289
2000-12-04,15.60,15.94995,15.49999,15.76999,338000,12.44276
2000-12-01,15.45995,15.65001,15.44,15.49001,351100,12.22185
2000-11-30,15.60,15.65001,15.38001,15.39997,377300,12.1508
2000-11-29,15.51994,15.75003,15.45995,15.58005,433200,12.29289
2000-11-28,15.34996,15.69005,15.34996,15.53004,356800,12.25343
2000-11-27,15.44998,15.56995,15.26003,15.32002,676900,12.08773
2000-11-24,15.80004,15.99996,15.37003,15.39997,917600,12.1508
2000-11-23,16.09998,16.10996,15.75003,15.85005,995200,12.50593
2000-11-22,15.99996,16.14999,15.89994,16.03999,663400,12.65579
2000-11-21,16.47998,16.47998,15.99996,16.03001,900100,12.64792
2000-11-20,16.12006,16.48996,16.09998,16.40004,1043600,12.93987
2000-11-17,16.31,16.32995,16.07005,16.14001,1260700,12.73471
2000-11-16,15.77997,16.35003,15.75003,16.34005,2198400,12.89254
2000-11-15,15.99996,15.99996,15.65001,15.74005,789300,12.41914
2000-11-14,15.49999,15.96005,15.45995,15.82998,860000,12.49009
2000-11-13,15.49999,15.75003,15.36005,15.44998,840400,12.19026
2000-11-10,15.60998,15.75003,15.34996,15.45995,1026200,12.19814
2000-11-09,15.55,15.75003,15.44998,15.56995,563800,12.28492
2000-11-08,15.67995,15.70002,15.41006,15.47005,817500,12.2061
2000-11-07,15.75003,15.88996,15.56995,15.60998,670600,12.31651
2000-11-06,15.70002,16.04997,15.65001,15.71,798700,12.39543
2000-11-03,15.81002,16.18004,15.81002,15.89994,1055000,12.54529
2000-11-02,15.81002,15.99996,15.76001,15.77997,1096700,12.45063
2000-11-01,15.51994,15.89994,15.49999,15.77997,1016900,12.45063
2000-10-31,15.70002,16.14001,15.49999,15.51994,1692000,12.24547
2000-10-30,15.55,15.85005,15.16002,15.67995,2043600,12.37171
2000-10-27,15.38001,15.60,15.15004,15.48003,806100,12.21397
2000-10-26,15.42004,15.65001,15.11998,15.13994,724900,11.94564
2000-10-25,15.49999,15.56995,15.29995,15.48003,1001800,12.21397
2000-10-24,15.20005,15.49999,15.20005,15.45995,1341300,12.19814
2000-10-23,14.88003,15.49999,14.88003,15.22998,1298600,12.01668
2000-10-20,14.78001,14.99003,14.65006,14.95,474500,11.79577
2000-10-19,14.98005,15.10003,14.69995,14.78999,357700,11.66952
2000-10-18,15.06,15.18995,14.89999,14.94002,338700,11.7879
2000-10-17,15.01996,15.27999,14.79997,15.00001,426300,11.83523
2000-10-16,15.48003,15.51994,15.00999,15.06,623300,11.88256
2000-10-13,15.39997,15.65001,15.32002,15.44,2078000,12.18239
2000-10-12,15.62994,15.80004,15.17997,15.38001,2605100,12.13506
2000-10-11,14.84998,15.72996,14.79997,15.56995,4219300,12.28492
2000-10-10,14.75994,14.84998,14.60005,14.82005,328900,11.69324
2000-10-09,14.79997,14.89999,14.60005,14.74996,349800,11.63794
2000-10-06,14.47996,14.63996,14.33005,14.60005,000,11.51966
2000-10-05,14.47996,14.63996,14.33005,14.60005,000,11.51966
2000-10-04,14.47996,14.63996,14.33005,14.60005,000,11.51966
2000-10-03,14.47996,14.63996,14.33005,14.60005,000,11.51966
2000-10-02,14.47996,14.63996,14.33005,14.60005,000,11.51966
2000-09-29,14.47996,14.63996,14.33005,14.60005,371800,11.51966
2000-09-28,14.73,14.73,14.29999,14.31995,450200,11.29866
2000-09-27,14.50003,14.74996,14.47996,14.73,284400,11.62219
2000-09-26,14.41997,14.67002,14.35998,14.47996,230900,11.4249
2000-09-25,14.62999,14.83002,14.30997,14.35998,432100,11.33024
2000-09-22,14.89999,15.05002,14.60005,14.62999,891400,11.54328
2000-09-21,15.29995,15.38001,15.00001,15.00999,358700,11.8431
2000-09-20,15.20005,15.49999,15.00001,15.27999,918000,12.05614
2000-09-19,15.38001,15.38001,14.89999,14.98005,845600,11.81949
2000-09-18,15.75003,15.79006,15.20005,15.38001,875200,12.13506
2000-09-15,15.70002,15.80004,15.47005,15.69005,1008100,12.37968
2000-09-14,15.44998,15.70002,15.29995,15.60998,1893500,12.31651
2000-09-13,15.21002,15.44998,15.06,15.41006,695600,12.15877
2000-09-12,15.49999,15.49999,15.00999,15.16002,481300,11.96148
2000-09-11,15.49999,15.54002,15.20005,15.47005,662600,12.2061
2000-09-08,15.60,15.80004,15.29995,15.36005,1508600,12.11931
2000-09-07,15.06,15.55,15.06,15.54002,2081600,12.26131
2000-09-06,15.25006,15.25006,14.60005,14.99003,838200,11.82736
2000-09-05,15.10003,15.28997,14.75994,14.77004,511200,11.65378
2000-09-04,14.89999,15.11998,14.78001,15.10003,744300,11.91415
2000-09-01,14.58995,15.20005,14.57,14.85996,1261700,11.72473
2000-08-31,15.16002,15.16002,14.50003,14.61003,1076600,11.52753
2000-08-30,15.47005,15.89994,15.21002,15.26003,2311300,12.04039
2000-08-29,15.42004,15.61996,15.26003,15.43002,2089500,12.17452
2000-08-28,15.00001,15.47005,14.75994,15.44,2252300,12.18239
2000-08-25,15.00001,15.00001,14.65006,14.89001,611200,11.74844
2000-08-24,14.40001,14.84998,14.34002,14.84,1132600,11.70898
2000-08-23,14.29999,14.50003,13.90004,14.30997,977900,11.29078
2000-08-22,14.62001,15.00999,14.29999,14.33005,1196100,11.30662
2000-08-21,14.69995,14.87005,14.56002,14.62001,657400,11.5354
2000-08-18,14.90997,14.91995,14.65006,14.68,948900,11.58274
2000-08-17,14.69995,14.95998,14.60005,14.88003,1797600,11.74057
2000-08-16,14.22005,14.55004,14.14997,14.55004,846100,11.4802
2000-08-15,13.90004,14.39003,13.90004,14.14997,624900,11.16453
2000-08-14,14.01003,14.06004,13.87996,13.87996,387300,10.9515
2000-08-11,14.24998,14.24998,13.85003,13.99994,408500,11.04616
2000-08-10,13.90004,14.28004,13.80002,14.15994,442100,11.17241
2000-08-09,13.98996,13.98996,13.86998,13.90004,314100,10.96734
2000-08-08,13.81,13.99994,13.80002,13.96002,272700,11.01467
2000-08-07,13.80002,13.93995,13.75001,13.90004,367800,10.96734
2000-08-04,14.05006,14.09996,13.80002,13.93995,500800,10.99883
2000-08-03,14.14997,14.19998,13.99994,14.02999,498500,11.06987
2000-08-02,14.19998,14.35,14.09996,14.13001,306000,11.14879
2000-08-01,14.12003,14.19998,14.08,14.19998,335400,11.20399
2000-07-31,14.24001,14.34002,14.05006,14.12003,370500,11.14092
2000-07-28,14.37994,14.37994,14.19998,14.24001,230700,11.23558
2000-07-27,14.09996,14.47996,14.09996,14.31995,378200,11.29866
2000-07-26,14.29999,14.29999,14.05006,14.08998,249700,11.1172
2000-07-25,14.08,14.14997,13.99994,14.03997,228000,11.07775
2000-07-24,14.35,14.40001,14.02999,14.08,262700,11.10933
2000-07-21,14.02001,14.50003,13.99994,14.29999,402800,11.28291
2000-07-20,13.99994,13.99994,13.91999,13.98996,250000,11.03829
2000-07-19,14.14997,14.19,13.95005,13.97998,293800,11.03041
2000-07-18,14.13001,14.19998,13.85003,14.13999,359200,11.15666
2000-07-17,14.19998,14.40001,14.09996,14.13001,339400,11.14879
2000-07-14,14.36996,14.55004,14.23003,14.37994,399000,11.34599
2000-07-13,14.78001,14.83002,14.30997,14.42995,415100,11.38544
2000-07-12,13.98996,14.84998,13.98996,14.53995,1226900,11.47223
2000-07-11,13.90004,13.98996,13.70,13.77994,447600,10.87258
2000-07-10,13.90004,13.96002,13.70,13.80002,455400,10.88842
2000-07-07,13.80002,14.09996,13.80002,13.96002,236200,11.01467
2000-07-06,13.85003,13.85003,13.59998,13.80002,372600,10.88842
2000-07-05,14.09996,14.14997,13.81,13.85003,389200,10.92788
2000-07-04,13.75001,14.19998,13.75001,14.03997,315400,11.07775
2000-07-03,13.86001,13.86001,13.64999,13.70998,597400,10.81738
2000-06-30,14.08998,14.08998,13.81997,13.91999,759500,10.98308
2000-06-29,14.33005,14.40001,14.01003,14.08998,722100,11.1172
2000-06-28,14.40001,14.55004,14.29999,14.33005,620100,11.30662
2000-06-27,14.45002,14.68,14.35,14.37994,482900,11.34599
2000-06-26,14.50003,14.69995,14.35,14.45002,589200,11.40128
2000-06-23,14.31995,14.31995,14.31995,14.31995,000,11.29866
2000-06-22,14.55004,14.55004,14.28004,14.31995,514500,11.29866
2000-06-21,14.50003,14.51999,14.29999,14.50003,357400,11.44074
2000-06-20,14.50003,14.62001,14.29999,14.46,368500,11.40916
2000-06-19,14.50003,14.84998,14.37994,14.46998,822800,11.41703
2000-06-16,15.18995,15.25006,14.60005,14.62001,964700,11.5354
2000-06-15,15.20005,15.25006,14.84,15.09005,760700,11.90627
2000-06-14,15.00999,15.48003,15.00999,15.05002,2014300,11.87469
2000-06-13,15.01996,15.15004,14.74996,14.99003,1409700,11.82736
2000-06-12,14.40001,15.00001,14.37994,14.89999,2150400,11.75631
2000-06-09,14.14997,14.71005,14.14997,14.40001,1383200,11.36183
2000-06-08,14.28004,14.40001,14.01003,14.11005,521300,11.13304
2000-06-07,14.50003,14.79997,14.19998,14.29999,2086800,11.28291
2000-06-06,13.73005,13.99994,13.59998,13.99994,409200,11.04616
2000-06-05,13.91999,13.91999,13.49996,13.70,835500,10.8095
2000-06-02,14.28004,14.29999,13.90004,14.01003,710600,11.05413
2000-06-01,13.99994,14.69995,13.97998,14.19,1214900,11.19612
2000-05-31,14.08998,14.19998,13.80002,13.97998,943800,11.03041
2000-05-30,14.42995,14.45002,14.05006,14.08998,837500,11.1172
2000-05-29,14.29999,14.29999,13.99994,14.12003,992400,11.14092
2000-05-26,14.74996,14.95,14.28004,14.33005,875200,11.30662
2000-05-25,14.56002,14.72003,14.40001,14.65006,1856400,11.55912
2000-05-24,14.42995,14.78999,14.15994,14.35998,807500,11.33024
2000-05-23,14.50003,14.78001,14.28004,14.29999,918800,11.28291
2000-05-22,15.00001,15.38001,14.40001,14.50003,1372700,11.44074
2000-05-19,13.59,14.17004,13.59,14.02001,791200,11.062
2000-05-18,13.13006,13.64001,12.99998,13.59,549000,10.72271
2000-05-17,13.19004,13.39994,12.98003,13.11996,462300,10.35184
2000-05-16,12.70005,13.20002,12.70005,13.03004,383000,10.28089
2000-05-15,13.48998,13.48998,12.60003,12.68995,834700,10.01256
2000-05-12,13.99994,14.13001,13.49996,13.52004,577800,10.66751
2000-05-11,14.19998,14.50003,13.81,14.02001,943100,11.062
2000-05-10,14.89001,15.00001,14.18002,14.20995,727200,11.21187
2000-05-09,14.88003,15.62994,14.79997,15.01996,982100,11.85098
2000-05-08,14.93004,15.20005,14.60005,14.87005,547500,11.7327
2000-05-05,14.88003,15.20005,14.62999,14.83002,000,11.70111
2000-05-04,14.88003,15.20005,14.62999,14.83002,000,11.70111
2000-05-03,14.88003,15.20005,14.62999,14.83002,000,11.70111
2000-05-02,14.88003,15.20005,14.62999,14.83002,000,11.70111
2000-05-01,14.88003,15.20005,14.62999,14.83002,000,11.70111
2000-04-28,14.88003,15.20005,14.62999,14.83002,769300,11.70111
2000-04-27,15.10003,15.49999,14.74996,14.77004,939800,11.65378
2000-04-26,15.10003,15.22998,14.89999,15.16002,578000,11.96148
2000-04-25,14.90997,15.28997,14.51999,15.00999,921300,11.8431
2000-04-24,15.23996,15.23996,14.79997,14.91995,1101200,11.77206
2000-04-21,15.62994,15.70002,15.10003,15.31004,725100,12.07985
2000-04-20,15.20005,16.29004,15.17997,15.58005,2203100,12.29289
2000-04-19,15.25006,15.49001,14.88003,15.21002,1320100,12.00094
2000-04-18,14.29999,15.29995,14.19998,15.22998,1993700,12.01668
2000-04-17,14.88003,14.88003,14.01003,14.68,3663100,11.58274
2000-04-14,15.20005,15.60,15.17997,15.38001,1312900,12.13506
2000-04-13,15.66997,15.81002,15.00001,15.18995,1978900,11.9851
2000-04-12,15.65999,15.99996,15.39997,15.66997,904800,12.36384
2000-04-11,15.69005,16.20,15.58005,15.65999,1395500,12.35597
2000-04-10,15.89994,16.03999,15.29995,15.69005,1792700,12.37968
2000-04-07,16.20,16.47998,15.60,16.04997,2427300,12.66367
2000-04-06,17.50001,18.19005,16.09998,16.19002,7385500,12.77417
2000-04-05,16.30002,17.84996,16.03001,17.13997,8698200,13.52369
2000-04-04,15.49999,16.40004,15.00001,16.24003,3740100,12.81363
2000-04-03,15.27001,15.80004,15.10003,15.56995,2214900,12.28492
2000-03-31,15.00001,16.14999,14.95,15.27001,2608300,12.04827
2000-03-30,15.39997,15.45995,14.79997,14.93004,2688400,11.78003
2000-03-29,15.00001,15.87999,14.60005,15.45995,4107000,12.19814
2000-03-28,16.09998,16.69998,15.60,15.74005,4355900,12.41914
2000-03-27,17.45,17.45,15.70002,16.07005,8845300,12.67951
2000-03-24,15.80004,16.47,15.15004,16.47,10442900,12.99508
2000-03-23,13.51006,14.96996,13.49996,14.96996,4302500,11.81152
2000-03-22,14.18002,14.29999,13.37999,13.60996,4701700,10.73846
2000-03-21,15.21002,15.34996,14.05006,14.29999,15361800,11.28291
2000-03-20,13.10,13.95005,13.08005,13.95005,2444100,11.00679
2000-03-17,11.55,12.67997,11.55,12.67997,8861900,10.00469
2000-03-16,11.23,12.30995,10.99,11.53,5516000,9.09734
2000-03-15,11.05,11.42,10.99999,11.21,1418000,8.84486
2000-03-14,10.95,11.24999,10.60,10.99,1557500,8.67128
2000-03-13,10.87,11.40,10.87,11.08,1330000,8.74228
2000-03-10,11.40,11.48,11.02,11.08,1734500,8.74228
2000-03-09,11.60,11.60,11.26,11.49,1529500,9.06579
2000-03-08,10.88,11.68,10.61,11.60,4064600,9.15258
2000-03-07,10.49999,10.99999,10.43,10.80,1727500,8.52136
2000-03-06,11.62001,11.79999,10.63,10.67,3791100,8.41879
2000-03-03,12.19995,12.50001,11.86996,12.17002,8161300,9.60232
2000-03-02,11.27,12.04006,11.27,12.01001,4489700,9.47608
2000-03-01,11.04,11.79999,10.99999,11.37001,2236500,8.9711
2000-02-29,11.30,11.30,10.88,11.04,1634100,8.71073
2000-02-28,10.72,11.30,10.70,11.24,1647200,8.86853
2000-02-25,10.99999,11.10,10.60,10.69,1737400,8.43457
2000-02-24,10.70,11.09,10.60,10.99999,1075300,8.67916
2000-02-23,11.05,11.30,10.65,10.74999,2268700,8.48191
2000-02-22,11.90001,12.60003,11.21,11.29,7987600,8.90798
2000-02-21,10.87,11.60,10.53,11.55,3611400,9.11313
2000-02-18,10.40,10.98,10.21,10.88,1560100,8.58448
2000-02-17,11.60,12.00003,10.31001,10.41,3119000,8.21365
2000-02-16,10.45,11.40,10.30,11.36,5008900,8.96321
2000-02-15,10.63,11.48,10.01,10.48,3139700,8.26888
2000-02-14,9.71,10.45,9.71,10.45,1592600,8.2452
2000-02-11,9.23,9.55,9.20,9.50001,000,7.49565
2000-02-10,9.23,9.55,9.20,9.50001,000,7.49565
2000-02-09,9.23,9.55,9.20,9.50001,000,7.49565
2000-02-08,9.23,9.55,9.20,9.50001,000,7.49565
2000-02-07,9.23,9.55,9.20,9.50001,000,7.49565
2000-02-04,9.23,9.55,9.20,9.50001,000,7.49565
2000-02-03,9.23,9.55,9.20,9.50001,000,7.49565
2000-02-02,9.23,9.55,9.20,9.50001,000,7.49565
2000-02-01,9.23,9.55,9.20,9.50001,000,7.49565
2000-01-31,9.23,9.55,9.20,9.50001,000,7.49565
2000-01-28,9.23,9.55,9.20,9.50001,1000300,7.49565
2000-01-27,9.40,9.50001,9.18,9.30,1223600,7.33784
2000-01-26,9.48,9.52,9.26,9.43999,767400,7.4483
2000-01-25,9.80,9.84,9.43,9.53,815600,7.51931
2000-01-24,9.68,9.90,9.25001,9.82,1182900,7.74812
2000-01-21,9.50001,9.62,9.37999,9.42,1412300,7.43252
2000-01-20,9.55,9.70,9.37,9.59,869700,7.56665
2000-01-19,9.55,9.55,9.31999,9.48,369400,7.47986
2000-01-18,9.42,9.51,9.30,9.50001,543400,7.49565
2000-01-17,9.00001,9.42,8.90,9.39,656600,7.40885
2000-01-14,9.70,9.74,9.09,9.16,1577700,7.22738
2000-01-13,10.48,10.48,9.66,9.71,1251400,7.66133
2000-01-12,10.30,10.80,10.00001,10.06001,1804400,7.9375
2000-01-11,10.30,10.85,10.05,10.32,2791500,8.14263
2000-01-10,10.37999,10.37999,9.88,10.30,1833900,8.12686
2000-01-07,10.51,10.55,9.98,10.20,3527900,8.04795
2000-01-06,8.90,9.76,8.73,9.76,1358400,7.70078
2000-01-05,8.67,8.98,8.52,8.87,534200,6.99857
2000-01-04,8.58,8.75,8.35,8.67,345300,6.84076
2000-01-03,8.31999,8.53,8.28,8.53,000,6.7303
1999-12-31,8.31999,8.53,8.28,8.53,000,6.7303
1999-12-30,8.31999,8.53,8.28,8.53,195800,6.7303
1999-12-29,8.30,8.42,8.00,8.29,503400,6.54093
1999-12-28,8.30,8.45,8.28,8.29,191700,6.54093
1999-12-27,8.65,8.65,8.18,8.36,379000,6.59617
1999-12-24,8.60,8.78,8.60,8.64,148300,6.81709
1999-12-23,8.76,8.86,8.62,8.62999,309000,6.80919
1999-12-22,9.10,9.14,8.81999,8.84,246100,6.97489
1999-12-21,9.37,9.37,9.05,9.08,224200,7.16425
1999-12-20,9.25001,9.45,9.25001,9.40,000,7.41674
1999-12-17,9.25001,9.45,9.25001,9.40,214400,7.41674
1999-12-16,9.50001,9.50001,9.22,9.22,196900,7.27472
1999-12-15,9.20,9.56999,9.20,9.48,324200,7.47986
1999-12-14,9.30,9.37999,9.15,9.22,519300,7.27472
1999-12-13,9.50001,9.65,9.35,9.39,341200,7.40885
1999-12-10,9.60,9.65,9.50001,9.55,307300,7.5351
1999-12-09,9.58,9.60,9.50001,9.56,182200,7.54299
1999-12-08,9.72,9.79,9.40,9.64,643300,7.6061
1999-12-07,9.87,10.01,9.70,9.72,300200,7.66922
1999-12-06,10.16,10.20,9.90,9.92,395200,7.82703
1999-12-03,10.17,10.24,10.05,10.20,247800,8.04795
1999-12-02,10.28,10.51,10.18,10.18999,278800,8.04006
1999-12-01,10.18999,10.45,10.11,10.40,394700,8.20575
1999-11-30,10.40,10.47,10.28,10.28,243200,8.11107
1999-11-29,10.34,10.52,10.24,10.40,689700,8.20575
1999-11-26,10.24999,10.24999,10.05,10.23,266900,8.07162
1999-11-25,10.30,10.30,10.02,10.14,381100,8.00061
1999-11-24,10.40,10.52,10.24999,10.32,842200,8.14263
1999-11-23,10.06001,10.57,10.02,10.40,2125600,8.20575
1999-11-22,9.75001,10.08,9.75001,10.02,593400,7.90593
1999-11-19,9.84,10.01,9.74,9.74,232400,7.68501
1999-11-18,9.80,10.18,9.65,9.88,456100,7.79546
1999-11-17,9.50001,9.75001,9.42,9.74,223500,7.68501
1999-11-16,9.79,9.82,9.48,9.48,168200,7.47986
1999-11-15,9.84,9.84,9.52,9.66,138100,7.62189
1999-11-12,9.79,9.80,9.59,9.67,169800,7.62978
1999-11-11,9.42,9.79,9.42,9.68999,328500,7.64555
1999-11-10,9.67,9.70,9.43999,9.59,226800,7.56665
1999-11-09,9.72,9.93999,9.64,9.73,312000,7.67712
1999-11-08,9.64,9.87,9.50001,9.73,398600,7.67712
1999-11-05,9.40,9.78,9.40,9.67,223800,7.62978
1999-11-04,9.65,9.78,9.48,9.53,260600,7.51931
1999-11-03,9.62999,9.80,9.60,9.70,95400,7.65344
1999-11-02,9.68999,9.91,9.60,9.72,157300,7.66922
1999-11-01,9.80,10.00001,9.60,9.70,176600,7.65344
1999-10-29,10.00001,10.15,9.82,9.83,268900,7.75601
1999-10-28,10.08,10.10,9.90,9.95,172400,7.8507
1999-10-27,10.00001,10.28,10.00001,10.13,441100,7.99272
1999-10-26,9.74,9.95,9.66,9.91,361500,7.81914
1999-10-25,9.65,9.70,9.42,9.65,155000,7.61399
1999-10-22,9.31001,9.76,9.31001,9.60,313800,7.57454
1999-10-21,9.70,9.70,9.43,9.45,220000,7.45619
1999-10-20,9.40,9.79,9.40,9.70,243600,7.65344
1999-10-19,9.90,9.96,9.62,9.62999,303600,7.59821
1999-10-18,10.40,10.40,9.95,9.96,373300,7.85859
1999-10-15,10.30,10.55,10.30,10.37999,176200,8.18997
1999-10-14,10.28,10.70,10.10,10.21,220200,8.05584
1999-10-13,10.49999,10.53,10.24999,10.26,293200,8.09529
1999-10-12,10.11,10.40,10.10,10.40,177800,8.20575
1999-10-11,10.08,10.28,9.99,10.08,328900,7.95327
1999-10-08,10.49999,10.49999,10.08,10.12,263400,7.98484
1999-10-07,10.58,10.74999,10.53,10.54,000,8.31622
1999-10-06,10.58,10.74999,10.53,10.54,000,8.31622
1999-10-05,10.58,10.74999,10.53,10.54,000,8.31622
1999-10-04,10.58,10.74999,10.53,10.54,000,8.31622
1999-10-01,10.58,10.74999,10.53,10.54,000,8.31622
1999-09-30,10.58,10.74999,10.53,10.54,309200,8.31622
1999-09-29,10.69,10.89,10.56001,10.58,423500,8.34778
1999-09-28,11.18001,11.18001,10.65,10.68,562200,8.42668
1999-09-27,11.30,11.35,11.12001,11.14,310800,8.78962
1999-09-24,11.24999,11.41,11.13,11.18999,235400,8.82907
1999-09-23,11.40,11.45,11.12001,11.18001,355300,8.82119
1999-09-22,11.29,11.30999,11.12001,11.23,374100,8.86064
1999-09-21,11.22,11.40,11.08,11.11,486300,8.76596
1999-09-20,11.63,11.80997,11.18001,11.33,767000,8.93954
1999-09-17,11.51,11.84002,11.51,11.62001,744900,9.16836
1999-09-16,12.10005,12.10005,11.61,11.63,1286800,9.17624
1999-09-15,12.10005,12.34998,11.90999,12.16004,2298600,9.59445
1999-09-14,12.07998,12.14994,11.79999,11.88005,1712600,9.37354
1999-09-13,11.85,12.18997,11.67,12.00003,1652300,9.4682
1999-09-10,11.76994,12.14994,11.55,11.81995,3377900,9.32612
1999-09-09,10.99999,11.79999,10.99999,11.65,2447800,9.19202
1999-09-08,10.70,11.20,10.70,10.86,509000,8.56871
1999-09-07,10.80,10.85,10.60,10.66,315000,8.4109
1999-09-06,10.82,10.98,10.61,10.67,418700,8.41879
1999-09-03,10.95,11.29,10.70,10.94,837000,8.63182
1999-09-02,10.73,11.08,10.58,10.95,571800,8.63971
1999-09-01,11.18001,11.20,10.70,10.76,745100,8.4898
1999-08-31,11.42,11.45,11.08,11.14,1369200,8.78962
1999-08-30,11.26,11.60,11.05,11.30,2796500,8.91587
1999-08-27,10.78,11.28,10.52,11.22,3071100,8.85275
1999-08-26,10.49999,10.69,10.37999,10.68,444300,8.42668
1999-08-25,10.80,10.85,10.55,10.58,517900,8.34778
1999-08-24,10.80,10.98,10.55,10.84,930100,8.55292
1999-08-23,10.73,10.73,10.73,10.73,000,8.46613
1999-08-20,10.37001,10.98,10.36,10.73,1203100,8.46613
1999-08-19,10.29,10.49999,10.20,10.37999,634000,8.18997
1999-08-18,10.10,10.22,9.97,10.15,330400,8.0085
1999-08-17,9.80,10.20,9.80,10.01,459700,7.89804
1999-08-16,10.04,10.06001,9.70,9.78,404600,7.71657
1999-08-13,10.18,10.35,10.07,10.09,483700,7.96116
1999-08-12,10.20,10.60,10.20,10.35,395700,8.16631
1999-08-11,10.51,10.72,10.18,10.35,664500,8.16631
1999-08-10,10.96,11.30,10.60,10.61,2331400,8.37145
1999-08-09,10.51,10.98,10.29,10.84,1085400,8.55292
1999-08-06,10.60,10.64,10.20,10.49999,1135700,8.28465
1999-08-05,10.74,10.80,10.45,10.62001,1132300,8.37934
1999-08-04,11.20,11.23,10.63,10.74,1292200,8.47402
1999-08-03,10.80,11.29,10.80,11.03,2452800,8.70284
1999-08-02,10.80,11.09,10.46,10.91,1806300,8.60815
1999-07-30,10.89,10.99999,10.68,10.78,3943700,8.50558
1999-07-29,10.60,10.90,10.45,10.49,1891500,8.27677
1999-07-28,10.08,10.62001,10.05,10.46,1358200,8.2531
1999-07-27,10.31001,10.40,10.00001,10.12,464600,7.98484
1999-07-26,9.89,10.34,9.88,10.29,1309900,8.11897
1999-07-23,9.70,10.00001,9.60,9.89,848900,7.80336
1999-07-22,10.17,10.17,9.56999,9.60,1090600,7.57454
1999-07-21,9.95,10.45,9.81001,10.21,1518600,8.05584
1999-07-20,9.45,9.90,9.26,9.89,830000,7.80336
1999-07-19,9.89,9.89,9.17,9.20,1647100,7.25893
1999-07-16,10.68,10.68,9.91,9.99,1150200,7.88226
1999-07-15,11.18001,11.20,10.66,10.80,2267000,8.52136
1999-07-14,9.98,10.92,9.98,10.88,4837600,8.58448
1999-07-13,10.32,10.49999,9.81001,9.95,1190000,7.8507
1999-07-12,9.88,10.59,9.40,10.32,2298000,8.14263
1999-07-09,9.60,9.89,9.58,9.62999,646700,7.59821
1999-07-08,9.45,9.68,9.30,9.65,698200,7.61399
1999-07-07,9.15,9.53,9.15,9.35,749400,7.37729
1999-07-06,9.75001,9.75001,9.10,9.27,908200,7.31417
1999-07-05,10.20,10.24999,9.75001,9.76,827500,7.70078
1999-07-02,9.80,10.35,9.50001,10.16,1477800,8.01639
1999-07-01,10.00001,10.48,9.12999,9.53,2793000,7.51931
1999-06-30,10.49999,10.56001,10.01,10.06001,2324100,7.9375
1999-06-29,10.69,10.83,10.18,10.43,2803600,8.22943
1999-06-28,10.20,10.83,10.08,10.69,2381300,8.43457
1999-06-25,11.29,11.38,10.20,10.26,3198100,8.09529
1999-06-24,11.07,11.39,10.80,11.29,3175500,8.90798
1999-06-23,11.20,11.27,10.65,11.06001,3360500,8.72651
1999-06-22,10.80,11.50,10.70,11.18001,6154100,8.82119
1999-06-21,10.10,10.67,10.00001,10.57,4403200,8.33988
1999-06-18,9.40,10.10,9.20,9.89,3761100,7.80336
1999-06-17,9.30,9.65,9.06,9.39,2340500,7.40885
1999-06-16,9.10,9.45,8.80,9.41,2129300,7.42463
1999-06-15,9.75001,9.90,8.70,9.00001,3708600,7.10114
1999-06-14,9.51,9.78,9.34,9.67,3248500,7.62978
1999-06-11,8.89,9.45,8.83,9.37,2968000,7.39307
1999-06-10,8.70,9.28,8.60,8.90,2256500,7.02223
1999-06-09,8.70,8.86,8.46,8.72,2171400,6.88021
1999-06-08,8.33,8.79,8.15,8.69001,2255900,6.85654
1999-06-07,8.10,8.45,8.00,8.33,1284200,6.57249
1999-06-04,7.97,8.10,7.96,8.08,957600,6.37524
1999-06-03,8.15,8.30,7.90,7.97,1052700,6.28845
1999-06-02,8.69001,8.70,8.18,8.22,1881900,6.4857
1999-06-01,8.10,8.70,7.88001,8.69001,2244100,6.85654
1999-05-31,8.15,8.19001,7.80,8.10,1787700,6.39102
1999-05-28,8.30,8.50001,8.03,8.13001,1303500,6.4147
1999-05-27,8.00999,8.29,8.00999,8.28,1619500,6.53304
1999-05-26,7.70,8.06999,7.68,8.00,1078200,6.31212
1999-05-25,8.14,8.36,7.73,7.81999,1548300,6.17009
1999-05-24,7.62,8.15,7.55,8.13001,1463900,6.4147
1999-05-21,7.70,7.75,7.50999,7.64,887600,6.02807
1999-05-20,7.35,7.73,7.35,7.69001,790600,6.06753
1999-05-19,6.94999,7.34,6.94999,7.31,442700,5.7677
1999-05-18,7.12,7.25999,6.92,6.93,208000,5.46788
1999-05-17,7.05,7.21,7.03,7.10,277300,5.60201
1999-05-14,7.39,7.42,7.07001,7.09,595400,5.59411
1999-05-13,7.56,7.60,7.36,7.38001,212400,5.82293
1999-05-12,7.60,7.70,7.41,7.55,298900,5.95706
1999-05-11,7.30,7.68,7.30,7.65,538500,6.03596
1999-05-10,7.90,7.90,7.25,7.35,986200,5.79926
1999-05-07,8.23,8.23,7.90,7.93,698400,6.25689
1999-05-06,8.20,8.37,8.15,8.22,369100,6.4857
1999-05-05,8.19001,8.28,8.11,8.23,348000,6.49359
1999-05-04,8.45,8.45,8.11,8.15,751300,6.43047
1999-05-03,8.05,8.56999,8.02,8.40,000,6.62772
1999-04-30,8.05,8.56999,8.02,8.40,2985000,6.62772
1999-04-29,7.97,8.06,7.84,8.02,359200,6.3279
1999-04-28,7.90,8.38001,7.80,7.85,447400,6.19377
1999-04-27,7.79,7.90,7.65,7.86,350100,6.20166
1999-04-26,7.79,7.95,7.78,7.80,469600,6.15432
1999-04-23,8.00,8.00,7.75,7.78,725800,6.13853
1999-04-22,8.13001,8.13001,7.60,7.84,1178800,6.18588
1999-04-21,8.48,8.62,8.15,8.18,784000,6.45414
1999-04-20,8.45,8.65,8.45,8.48,328800,6.69085
1999-04-19,8.70,8.72,8.41,8.47,482100,6.68296
1999-04-16,8.55,8.69001,8.50999,8.62999,398200,6.80919
1999-04-15,8.54,8.79,8.40,8.55,586900,6.74608
1999-04-14,8.60,8.73,8.50001,8.53,618500,6.7303
1999-04-13,8.64,8.75,8.50001,8.62,631900,6.80131
1999-04-12,8.90,8.90,8.66,8.72,779100,6.88021
1999-04-09,9.00001,9.10,8.90,8.94001,734000,7.0538
1999-04-08,9.20,9.21,9.00001,9.01,870200,7.10902
1999-04-07,9.45,9.45,9.10,9.20,963900,7.25893
1999-04-06,9.50001,9.56999,9.28,9.40,1134600,7.41674
1999-04-05,9.18,9.45,9.18,9.45,2915000,7.45619
1999-04-02,8.90,9.09,8.86,9.00001,1223900,7.10114
1999-04-01,8.84,8.92,8.68,8.79,894300,6.93544
1999-03-31,8.93,9.18,8.68,8.77,1923700,6.91966
1999-03-30,8.80,9.12,8.80,8.92,1270200,7.03802
1999-03-29,8.87999,8.94001,8.64,8.81999,1562300,6.95911
1999-03-26,8.81999,8.97,8.80,8.84,710900,6.97489
1999-03-25,8.87,8.95,8.76,8.83,710700,6.967
1999-03-24,8.66,9.00001,8.64,8.93,3234700,7.04591
1999-03-23,8.98,8.98,8.64,8.66,1331000,6.83287
1999-03-22,9.43999,9.43999,8.87999,9.00001,1903500,7.10114
1999-03-19,9.28,9.50001,8.78,9.43999,1437500,7.4483
1999-03-18,9.49,9.54,9.25001,9.29,528700,7.32995
1999-03-17,9.30,9.55,9.24,9.49,982700,7.48775
1999-03-16,9.53,9.55,9.11,9.30,1252800,7.33784
1999-03-15,9.89,9.89,9.48,9.51,1427200,7.50353
1999-03-12,10.49999,10.49999,9.86,9.89,465100,7.80336
1999-03-11,10.18,10.18,10.18,10.18,000,8.03218
1999-03-10,10.17,10.30,10.00001,10.18,170200,8.03218
1999-03-09,10.10,10.45,10.10,10.17,160500,8.02428
1999-03-08,10.30,10.49999,10.00001,10.15,215800,8.0085
1999-03-05,10.08,10.30,10.01,10.29,161800,8.11897
1999-03-04,10.00001,10.08,9.95,10.08,121300,7.95327
1999-03-03,10.00001,10.09,9.80,10.07,137200,7.94538
1999-03-02,9.93999,10.09,9.80,10.00001,167000,7.89015
1999-03-01,10.09,10.10,9.50001,9.88,155600,7.79546
1999-02-26,9.89,9.89,9.50001,9.74,000,7.68501
1999-02-25,9.89,9.89,9.50001,9.74,000,7.68501
1999-02-24,9.89,9.89,9.50001,9.74,000,7.68501
1999-02-23,9.89,9.89,9.50001,9.74,000,7.68501
1999-02-22,9.89,9.89,9.50001,9.74,000,7.68501
1999-02-19,9.89,9.89,9.50001,9.74,000,7.68501
1999-02-18,9.89,9.89,9.50001,9.74,000,7.68501
1999-02-17,9.89,9.89,9.50001,9.74,000,7.68501
1999-02-16,9.89,9.89,9.50001,9.74,000,7.68501
1999-02-15,9.89,9.89,9.50001,9.74,000,7.68501
1999-02-12,9.89,9.89,9.50001,9.74,000,7.68501
1999-02-11,9.89,9.89,9.50001,9.74,000,7.68501
1999-02-10,9.89,9.89,9.50001,9.74,000,7.68501
1999-02-09,9.89,9.89,9.50001,9.74,172800,7.68501
1999-02-08,9.47,10.00001,9.30,9.50001,258900,7.49565
1999-02-05,10.35,10.35,9.59,9.60,507200,7.57454
1999-02-04,10.51,10.51,10.15,10.36,460900,8.1742
1999-02-03,10.70,10.85,10.13,10.67,825100,8.41879
1999-02-02,10.99999,10.99999,10.40,10.83,687400,8.54503
1999-02-01,11.08,11.35,10.80,11.04,537600,8.71073
1999-01-29,11.30,11.55999,10.99999,11.26,466200,8.88431
1999-01-28,10.99999,11.65,10.99999,11.40,1216900,8.99477
1999-01-27,10.95,10.99,10.74,10.96,215200,8.6476
1999-01-26,10.85,10.97,10.64,10.94,220900,8.63182
1999-01-25,10.80,10.99999,10.79,10.96,242300,8.6476
1999-01-22,10.99999,11.07,10.74999,10.95,455700,8.63971
1999-01-21,10.49999,11.08,10.49999,11.01,394900,8.68705
1999-01-20,10.99999,11.03,10.74999,10.85,385700,8.56081
1999-01-19,11.10,11.10,10.92,10.99,387300,8.67128
1999-01-18,10.54,11.18001,10.54,11.03,928800,8.70284
1999-01-15,10.30,10.55,10.26,10.52,348000,8.30044
1999-01-14,10.42,10.49999,10.22,10.37001,201700,8.18209
1999-01-13,10.32,10.59,10.02,10.49,227500,8.27677
1999-01-12,10.70,10.74999,10.39,10.43999,194400,8.23731
1999-01-11,10.49999,10.82,10.30,10.70,251500,8.44246
1999-01-08,10.15,10.68,10.15,10.60,219300,8.36356
1999-01-07,10.20,10.29,10.06001,10.21,98100,8.05584
1999-01-06,10.43,10.43,9.68999,10.18,110400,8.03218
1999-01-05,10.05,10.10,9.90,10.05,215400,7.9296
1999-01-04,10.07,10.24999,10.00001,10.05,95200,7.9296
1999-01-01,10.29,10.64,10.05,10.07,000,7.94538
1998-12-31,10.29,10.64,10.05,10.07,350600,7.94538
1998-12-30,10.28,10.96,10.24999,10.43,235200,8.22943
1998-12-29,10.35,10.65,10.20,10.28,179900,8.11107
1998-12-28,10.77,10.90,10.01,10.66,125900,8.4109
1998-12-25,10.76,10.99999,10.60,10.74,133900,8.47402
1998-12-24,10.95,10.95,10.74999,10.76,244600,8.4898
1998-12-23,11.10,11.11,10.90,10.99999,727500,8.67916
1998-12-22,10.27,11.10,10.27,11.08,650900,8.74228
1998-12-21,10.28,10.49999,10.22,10.43999,241400,8.23731
1998-12-18,10.01,10.32,10.00001,10.23,280500,8.07162
1998-12-17,10.16,10.20,9.95,10.18,460000,8.03218
1998-12-16,10.10,10.30,9.93999,10.17,261700,8.02428
1998-12-15,10.18999,10.24999,9.33,10.05,496600,7.9296
1998-12-14,10.42,10.47,10.20,10.27,118100,8.10318
1998-12-11,10.48,10.59,10.31001,10.49999,225900,8.28465
1998-12-10,10.59,10.74,10.43,10.48,201300,8.26888
1998-12-09,10.53,10.74999,10.40,10.63,166100,8.38723
1998-12-08,10.12,10.60,10.12,10.55,614200,8.32411
1998-12-07,11.01,11.16,10.16,10.17,564100,8.02428
1998-12-04,10.80,11.14,10.51,10.66,763400,8.4109
1998-12-03,10.60,11.26,10.60,10.98,1230200,8.66339
1998-12-02,10.70,10.82,10.36,10.55,1679800,8.32411
1998-12-01,11.30,11.45,10.80,10.86,1285900,8.56871
1998-11-30,11.45,11.61,11.13,11.30,1033500,8.91587
1998-11-27,11.73,11.88005,11.38,11.40,879100,8.99477
1998-11-26,11.55,12.00003,11.55,11.70,572800,9.23147
1998-11-25,11.91997,12.16004,11.70,11.74998,991100,9.27091
1998-11-24,11.51,11.95002,11.51,11.89003,1285600,9.38141
1998-11-23,11.50,11.92995,11.41,11.50,1570700,9.07367
1998-11-20,11.79999,12.00003,11.32,11.40,1999700,8.99477
1998-11-19,12.17999,12.38003,11.79001,11.89003,2028600,9.38141
1998-11-18,12.18997,12.29997,12.01001,12.17999,2148300,9.6102
1998-11-17,11.70,12.43004,11.62001,12.18997,4285400,9.61807
1998-11-16,11.70,12.10005,11.53,11.62001,4638600,9.16836
1998-11-13,10.80,11.91997,10.70,11.79001,4930200,9.3025
1998-11-12,10.69,11.16,10.55,10.84,3778200,8.55292
1998-11-11,10.37999,10.78,10.20,10.68,2711000,8.42668
1998-11-10,9.78,10.40,9.68,10.30,3656800,8.12686
1998-11-09,9.81001,9.91,9.65,9.79,2390200,7.72446
1998-11-06,9.95,10.21,9.80,9.82,2254200,7.74812
1998-11-05,9.62999,9.95,9.60,9.89,2039500,7.80336
1998-11-04,9.78,9.95,9.61,9.62999,1666300,7.59821
1998-11-03,9.68,9.95,9.48,9.68,2984900,7.63767
1998-11-02,9.31001,9.85,9.31001,9.66,3361000,7.62189
1998-10-30,9.20,9.45,9.19001,9.23,688100,7.28261
1998-10-29,9.37999,9.37999,9.08,9.14,988900,7.21159
1998-10-28,9.40,9.49,9.21,9.39,658300,7.40885
1998-10-27,9.14,9.45,9.06999,9.37,1084100,7.39307
1998-10-26,8.86,9.20,8.71,9.12,852000,7.19582
1998-10-23,9.05,9.16,8.81,8.96,376800,7.06957
1998-10-22,8.80,9.08,8.70,9.05,587600,7.14059
1998-10-21,9.25001,9.25001,8.81,8.85,668200,6.98278
1998-10-20,9.11,9.25001,9.08,9.20,560400,7.25893
1998-10-19,9.16,9.20,9.01,9.11,923300,7.18793
1998-10-16,9.30,9.48,9.00001,9.19001,1172600,7.25105
1998-10-15,9.14,9.14,9.14,9.14,000,7.21159
1998-10-14,9.45,9.68,9.11,9.14,2204700,7.21159
1998-10-13,9.70,9.95,9.40,9.48,1128100,7.47986
1998-10-12,9.19001,9.75001,9.19001,9.75001,1498200,7.6929
1998-10-09,9.26,9.30,9.10,9.15,389000,7.21949
1998-10-08,9.00001,9.37,9.00001,9.27,1071000,7.31417
1998-10-07,8.87,9.05,8.80,8.99,582900,7.09325
1998-10-06,9.00001,9.18,8.95,8.97,675000,7.07746
1998-10-05,9.19001,9.30,8.99,8.99,837200,7.09325
1998-10-02,9.10,9.35,9.08,9.17,000,7.23527
1998-10-01,9.10,9.35,9.08,9.17,000,7.23527
1998-09-30,9.10,9.35,9.08,9.17,1012800,7.23527
1998-09-29,9.15,9.23,9.03,9.06999,831300,7.15636
1998-09-28,9.23,9.35,8.98,9.14,1585900,7.21159
1998-09-25,9.00001,9.43999,8.85,9.25001,3152000,7.29839
1998-09-24,9.04,9.15,8.80,8.98,2343800,7.08536
1998-09-23,8.36,9.19001,8.35,9.00001,3861300,7.10114
1998-09-22,7.88001,8.41,7.71,8.38001,1674500,6.61195
1998-09-21,7.65,7.90,7.59,7.89,451100,6.22532
1998-09-18,7.80,7.97,7.77,7.79,611700,6.14643
1998-09-17,8.15,8.28,7.90,8.00,782900,6.31212
1998-09-16,7.70,8.12,7.56,8.12,740500,6.4068
1998-09-15,7.98,7.98,7.19,7.75,493400,6.11487
1998-09-14,7.88001,8.00,7.65,7.99,778000,6.30423
1998-09-11,7.85,7.92,7.68,7.75999,535500,6.12275
1998-09-10,7.75,8.00,7.68,7.86,702000,6.20166
1998-09-09,7.50,7.77,7.42,7.75,508500,6.11487
1998-09-08,7.75,7.87,7.50,7.60,823800,5.99651
1998-09-07,7.36,7.75,7.36,7.71,1129100,6.0833
1998-09-04,7.29,7.40,7.25,7.36,520700,5.80715
1998-09-03,7.00,7.35,6.99,7.29,773200,5.75192
1998-09-02,6.71,7.02,6.55,7.00,315300,5.52311
1998-09-01,6.69999,7.10,6.60,6.85,338400,5.40475
1998-08-31,6.69,6.72,6.21,6.72,353300,5.30218
1998-08-28,6.51001,6.89,6.42,6.74,184400,5.31796
1998-08-27,6.80,6.90,6.60,6.69999,413600,5.2864
1998-08-26,7.19999,7.19999,6.85,6.86,488200,5.41264
1998-08-25,7.08,7.28,6.90,7.13,206600,5.62568
1998-08-24,7.25,7.25,7.02,7.08,390600,5.58622
1998-08-21,7.00,7.30,6.35,7.25,587700,5.72036
1998-08-20,6.50,7.05,6.35,7.00999,485100,5.53099
1998-08-19,6.25,6.58,6.25,6.51001,252200,5.13649
1998-08-18,6.10,6.44999,6.00,6.13999,302100,4.84455
1998-08-17,6.69999,6.90,6.30,6.30,249200,4.9708
1998-08-14,7.30,7.30,6.98,6.98,211000,5.50732
1998-08-13,7.18,7.36,7.10,7.30,211400,5.75981
1998-08-12,7.55,7.60,6.90,7.15,242600,5.64145
1998-08-11,7.71,7.89,7.50,7.52,204900,5.93339
1998-08-10,8.06,8.06,7.80,7.81999,252200,6.17009
1998-08-07,8.06,8.23,8.06,8.10,195600,6.39102
1998-08-06,8.18,8.22,8.10,8.18,260000,6.45414
1998-08-05,8.10,8.29,8.05,8.25,142100,6.50938
1998-08-04,8.15,8.15,8.05,8.11,230600,6.39891
1998-08-03,8.19001,8.23,8.00,8.15,209600,6.43047
1998-07-31,8.20,8.28,8.20,8.27,183400,6.52515
1998-07-30,8.25999,8.31999,8.18,8.25,201500,6.50938
1998-07-29,8.50001,8.50001,8.24,8.28,241600,6.53304
1998-07-28,8.30,8.35,8.15,8.29,242700,6.54093
1998-07-27,8.56999,8.59,8.20,8.30,416700,6.54883
1998-07-24,8.46,8.58,8.40,8.54,236900,6.73819
1998-07-23,8.25,8.55,8.10,8.40,249500,6.62772
1998-07-22,8.30,8.33,8.20,8.24,161800,6.50149
1998-07-21,8.10,8.40,8.09,8.35,196700,6.58828
1998-07-20,8.10,8.33,8.00,8.09,301400,6.38313
1998-07-17,8.30,8.34,8.06999,8.20,547000,6.46992
1998-07-16,8.50001,8.60,8.29,8.29,513700,6.54093
1998-07-15,8.75,8.78,8.45,8.52,751300,6.7224
1998-07-14,8.87999,9.01,8.76,8.80,411200,6.94333
1998-07-13,9.18,9.18,8.87999,8.91,349300,7.03012
1998-07-10,9.15,9.15,8.90,9.12999,335500,7.2037
1998-07-09,9.00001,9.15,8.83,9.03,297300,7.1248
1998-07-08,9.14,9.15,8.81999,8.99,164000,7.09325
1998-07-07,8.80,9.00001,8.75,8.98,183800,7.08536
1998-07-06,9.30,9.30,8.78,8.83,472700,6.967
1998-07-03,9.25001,9.30,9.09,9.15,278500,7.21949
1998-07-02,9.00001,9.29,8.90,9.26,386900,7.30627
1998-07-01,9.30,9.40,9.00001,9.00001,426000,7.10114
1998-06-30,8.95,9.26,8.95,9.00001,457600,7.10114
1998-06-29,9.49,9.49,8.99,9.10,565500,7.05962
1998-06-26,9.72,9.85,9.21,9.52,1005400,7.38545
1998-06-25,10.15,10.24999,9.53,9.62999,1866700,7.47078
1998-06-24,10.30,10.45,10.05,10.08,1155200,7.81989
1998-06-23,10.20,10.30,9.96,10.24999,2111400,7.95177
1998-06-22,9.85,10.36,9.81001,10.15,4306900,7.87419
1998-06-19,9.16,9.80,9.15,9.80,2742500,7.60267
1998-06-18,9.15,9.20,9.05,9.06999,411300,7.03635
1998-06-17,9.12999,9.23,9.00001,9.10,524800,7.05962
1998-06-16,8.80,9.12999,8.75,9.06999,583400,7.03635
1998-06-15,9.10,9.11,8.80,8.83,328400,6.85016
1998-06-12,8.95,9.25001,8.89,9.12,524600,7.07514
1998-06-11,9.06999,9.06999,8.80,8.80,293900,6.82689
1998-06-10,8.70,9.15,8.60,9.06999,513600,7.03635
1998-06-09,9.12,9.12,8.68,8.81999,854300,6.8424
1998-06-08,9.48,9.48,9.10,9.11,936200,7.06738
1998-06-05,9.75001,9.75001,9.20,9.40,1053400,7.29236
1998-06-04,9.56999,9.85,9.43,9.64,1568300,7.47854
1998-06-03,9.68,9.77,9.51,9.56999,1230500,7.42424
1998-06-02,9.80,9.84,9.50001,9.68,1176500,7.50958
1998-06-01,9.50001,9.82,9.25001,9.70,2375200,7.52509
1998-05-29,9.48,9.60,9.37999,9.48,1349500,7.35442
1998-05-28,9.78,9.78,9.35,9.42,1435200,7.30788
1998-05-27,9.22,9.60,9.11,9.58,1886700,7.432
1998-05-26,9.40,9.50001,9.18,9.22,991800,7.15272
1998-05-25,9.25001,9.36,9.10,9.35,1806800,7.25357
1998-05-22,8.97,9.25001,8.97,9.20,1594900,7.1372
1998-05-21,8.84,9.05,8.68,8.96,884700,6.95101
1998-05-20,9.02,9.10,8.80,8.86,991000,6.87344
1998-05-19,8.85,9.02,8.71,9.01,1144900,6.9898
1998-05-18,8.85,9.02,8.68,8.75,1631300,6.7881
1998-05-15,9.00001,9.19001,8.79,8.85,1885500,6.86568
1998-05-14,9.28,9.30,8.85,9.05,1766100,7.02084
1998-05-13,9.75001,9.88,9.04,9.17,2118600,7.11393
1998-05-12,9.29,9.29,9.29,9.29,000,7.20702
1998-05-11,9.52,9.87,9.26,9.29,1666900,7.20702
1998-05-08,9.50001,9.64,9.15,9.48,1320700,7.35442
1998-05-07,9.35,9.93,9.30,9.43,3460700,7.31564
1998-05-06,9.31001,9.58,9.17,9.27,954200,7.19151
1998-05-05,9.60,9.60,9.30,9.35,822800,7.25357
1998-05-04,9.70,9.98,9.40,9.55,984400,7.40873
1998-05-01,9.29,9.64,9.25001,9.55,000,7.40873
1998-04-30,9.29,9.64,9.25001,9.55,1323700,7.40873
1998-04-29,9.20,9.37999,9.20,9.27,556300,7.19151
1998-04-28,9.20,9.45,9.16,9.21,646800,7.14496
1998-04-27,9.45,9.45,9.01,9.18,1413600,7.12169
1998-04-24,9.70,9.70,9.36,9.45,912700,7.33114
1998-04-23,9.98,10.02,9.70,9.76,724200,7.57164
1998-04-22,9.59,10.00001,9.47,9.90,1512300,7.68025
1998-04-21,9.51,9.72,9.28,9.47,870600,7.34666
1998-04-20,9.61,9.74,9.37999,9.50001,694400,7.36994
1998-04-17,10.02,10.07,9.55,9.60,1004600,7.44752
1998-04-16,9.80,10.24,9.75001,10.02,1717800,7.77334
1998-04-15,9.80,10.15,9.70,9.83,1332100,7.62594
1998-04-14,9.90,10.00001,9.51,9.80,3573800,7.60267
1998-04-13,10.40,10.51,9.93,10.09,2717900,7.82765
1998-04-10,9.50001,10.43999,9.48,10.24999,5592700,7.95177
1998-04-09,9.80,10.28,9.31001,9.48,3123700,7.35442
1998-04-08,9.48,10.12,9.48,10.10,4887500,7.83541
1998-04-07,9.25001,9.80,9.25001,9.49,2772200,7.36218
1998-04-06,9.00001,9.90,8.71,9.40,7172000,7.29236
1998-04-03,9.20,9.45,9.03,9.37,3132300,7.26909
1998-04-02,9.08,9.40,8.85,9.15,4145500,7.09841
1998-04-01,8.31,9.05,8.31,9.04,3781600,7.01308
1998-03-31,8.20,8.49,8.03,8.23,2113300,6.38469
1998-03-30,8.10,8.10,7.81999,8.10,1659800,6.28384
1998-03-27,8.16,8.20,7.98,8.14,502600,6.31487
1998-03-26,8.45,8.45,8.15,8.18,594800,6.34591
1998-03-25,8.36,8.36,8.13001,8.21,437100,6.36917
1998-03-24,8.23,8.38001,8.10,8.36,469600,6.48555
1998-03-23,8.06999,8.25,7.95,8.23,675800,6.38469
1998-03-20,7.86,8.05,7.73,8.00,480300,6.20627
1998-03-19,7.91,7.91,7.79,7.81999,195400,6.06662
1998-03-18,8.03,8.03,7.83,7.87,166000,6.10541
1998-03-17,8.08,8.08,7.86,7.97,149700,6.18299
1998-03-16,7.81999,7.86,7.80,7.81999,192100,6.06662
1998-03-13,7.90,7.90,7.75,7.81999,142400,6.06662
1998-03-12,7.72,7.90,7.72,7.79,116200,6.04335
1998-03-11,8.00,8.00,7.81,7.85,159000,6.0899
1998-03-10,7.75,8.00,7.70,7.89,285500,6.12092
1998-03-09,7.80,7.91,7.80,7.86,256800,6.09765
1998-03-06,8.00,8.06,7.95,8.03,178200,6.22954
1998-03-05,8.13001,8.20,8.02,8.06999,179300,6.26056
1998-03-04,8.10,8.20,8.00,8.10,221500,6.28384
1998-03-03,7.98,8.12,7.98,8.09,279100,6.27608
1998-03-02,8.25,8.25,7.80,7.98,460000,6.19075
1998-02-27,8.43,8.50001,8.35,8.37,204200,6.49331
1998-02-26,8.30,8.50001,8.30,8.43,177500,6.53985
1998-02-25,8.29,8.50001,8.29,8.36,176000,6.48555
1998-02-24,8.34,8.40,8.25999,8.38001,312200,6.50106
1998-02-23,8.52,8.52,8.25999,8.35,545100,6.47779
1998-02-20,8.66,8.70,8.50001,8.60,335400,6.67173
1998-02-19,8.73,8.74,8.50001,8.67,430500,6.72604
1998-02-18,8.70,8.81999,8.64,8.65,530500,6.71052
1998-02-17,8.72,8.84,8.65,8.67,467400,6.72604
1998-02-16,8.99,9.00001,8.69001,8.75,523000,6.7881
1998-02-13,8.98,9.20,8.87999,8.90,1026400,6.90447
1998-02-12,8.87999,9.18,8.78,8.97,1619300,6.95877
1998-02-11,8.70,8.78,8.56,8.78,657000,6.81137
1998-02-10,8.70,8.70,8.50001,8.56,379600,6.6407
1998-02-09,8.87999,9.00001,8.50001,8.61,369500,6.67949
1998-02-06,8.50001,8.65,8.41,8.46,000,6.56312
1998-02-05,8.50001,8.65,8.41,8.46,000,6.56312
1998-02-04,8.50001,8.65,8.41,8.46,000,6.56312
1998-02-03,8.50001,8.65,8.41,8.46,000,6.56312
1998-02-02,8.50001,8.65,8.41,8.46,000,6.56312
1998-01-30,8.50001,8.65,8.41,8.46,000,6.56312
1998-01-29,8.50001,8.65,8.41,8.46,000,6.56312
1998-01-28,8.50001,8.65,8.41,8.46,000,6.56312
1998-01-27,8.50001,8.65,8.41,8.46,000,6.56312
1998-01-26,8.50001,8.65,8.41,8.46,000,6.56312
1998-01-23,8.50001,8.65,8.41,8.46,395600,6.56312
1998-01-22,8.31,8.50001,8.31,8.44001,359800,6.54761
1998-01-21,8.30,8.52,8.30,8.39,366200,6.50882
1998-01-20,8.58,8.65,8.35,8.45,427800,6.55536
1998-01-19,8.86,9.00001,8.58,8.60,693600,6.67173
1998-01-16,9.18,9.27,8.74,8.76,1484800,6.79585
1998-01-15,8.87999,9.24,8.68,9.03,2424200,7.00532
1998-01-14,8.48,8.89,8.45,8.70,2181600,6.74931
1998-01-13,8.89,8.99,8.10,8.39,2390500,6.50882
1998-01-12,8.62999,9.34,8.46,9.00001,4332400,6.98205
1998-01-09,8.55,8.79,8.37,8.49,1005200,6.5864
1998-01-08,8.31,8.87999,8.31,8.58,1536300,6.65621
1998-01-07,8.48,8.50001,8.25999,8.37,841800,6.49331
1998-01-06,8.02,8.48,8.00,8.46,938400,6.56312
1998-01-05,8.20,8.20,8.00999,8.12,455200,6.29936
1998-01-02,8.30,8.40,8.10,8.25,000,6.40021
1998-01-01,8.30,8.40,8.10,8.25,000,6.40021
1997-12-31,8.30,8.40,8.10,8.25,248700,6.40021
1997-12-30,8.29,8.30,8.10,8.21,323600,6.36917
1997-12-29,8.00,8.27,8.00,8.20,436200,6.36142
1997-12-26,7.95,8.30,7.90,7.93,612500,6.15196
1997-12-25,8.10,8.10,7.78,7.94,351900,6.15972
1997-12-24,8.15,8.15,7.95,7.98,304100,6.19075
1997-12-23,7.85,8.08,7.85,7.98,461300,6.19075
1997-12-22,8.14,8.28,7.75999,7.79,582800,6.04335
1997-12-19,8.11,8.30,8.11,8.18,227400,6.34591
1997-12-18,8.15,8.30,8.15,8.18,208600,6.34591
1997-12-17,8.40,8.45,8.16,8.18,314700,6.34591
1997-12-16,8.31,8.48,8.22,8.39,281200,6.50882
1997-12-15,8.30,8.38001,8.20,8.31,460100,6.44676
1997-12-12,8.48,8.50001,8.35,8.39,428800,6.50882
1997-12-11,8.64,8.80,8.48,8.54,179400,6.62519
1997-12-10,8.60,8.78,8.50001,8.64,292600,6.70276
1997-12-09,8.60,8.65,8.45,8.58,286700,6.65621
1997-12-08,8.70,8.80,8.58,8.60,221200,6.67173
1997-12-05,8.58,8.91,8.50001,8.71,713900,6.75707
1997-12-04,8.10,8.60,8.10,8.59,385600,6.66397
1997-12-03,8.21,8.34,8.15,8.18,223800,6.34591
1997-12-02,8.60,8.70,8.20,8.35,210200,6.47779
1997-12-01,8.60,8.62999,8.35,8.43,205600,6.53985
1997-11-28,8.10,8.55,8.08,8.54,199800,6.62519
1997-11-27,8.70,8.87999,8.30,8.30,251600,6.439
1997-11-26,8.53,8.75,8.46,8.71,249200,6.75707
1997-11-25,8.40,8.80,8.30,8.53,315800,6.61743
1997-11-24,8.70,8.70,8.40,8.42,363900,6.53209
1997-11-21,8.90,9.15,8.70,8.80,512400,6.82689
1997-11-20,9.46,9.46,8.98,9.02,402700,6.99756
1997-11-19,9.20,9.48,9.16,9.33,264000,7.23805
1997-11-18,9.25001,9.49,9.11,9.20,476300,7.1372
1997-11-17,9.60,9.70,9.30,9.31001,446700,7.22254
1997-11-14,9.84,9.84,9.45,9.65,688800,7.4863
1997-11-13,9.40,9.70,9.10,9.70,729700,7.52509
1997-11-12,9.90,10.10,9.55,9.60,854400,7.44752
1997-11-11,9.95,10.15,9.61,9.99,1524500,7.75007
1997-11-10,10.70,10.70,9.90,10.04,3139800,7.78886
1997-11-07,9.82,10.37999,9.75001,10.37001,4785600,8.04487
1997-11-06,9.70,9.99,9.56,9.83,2746700,7.62594
1997-11-05,9.65,9.75001,9.39,9.65,622900,7.4863
1997-11-04,9.41,9.88,9.37999,9.53,3764900,7.39321
1997-11-03,8.90,9.39,8.80,9.37999,1587300,7.27684
1997-10-31,8.60,8.90,8.40,8.90,521900,6.90447
1997-10-30,9.10,9.37999,8.70,8.78,1162400,6.81137
1997-10-29,8.70,8.98,8.50999,8.96,855500,6.95101
1997-10-28,9.39,9.39,8.70,8.80,1117500,6.82689
1997-10-27,9.00001,9.60,8.98,9.35,1825300,7.25357
1997-10-24,8.65,9.00001,8.65,8.95,755000,6.94325
1997-10-23,8.50001,8.77,8.42,8.73,846100,6.77259
1997-10-22,9.10,9.12,8.50001,8.61,1049600,6.67949
1997-10-21,9.25001,9.29,8.80,9.09,868700,7.05186
1997-10-20,8.59,9.40,8.58,9.23,2053400,7.16048
1997-10-17,8.33,8.58,8.17,8.55,1143500,6.63295
1997-10-16,8.00999,8.25,8.00,8.23,401800,6.38469
1997-10-15,8.00,8.13001,7.80,8.05,164900,6.24505
1997-10-14,8.05,8.05,7.66,7.98,179800,6.19075
1997-10-13,8.34,8.35,8.08,8.10,290300,6.28384
1997-10-10,8.05,8.36,8.05,8.31999,579100,6.45451
1997-10-09,8.14,8.15,7.97,8.08,308700,6.26832
1997-10-08,7.81,8.06,7.80,8.05,328500,6.24505
1997-10-07,7.85,7.85,7.67,7.77,151600,6.02783
1997-10-06,8.20,8.20,7.70,7.90,108400,6.12868
1997-10-03,7.94,8.09,7.80,8.09,000,6.27608
1997-10-02,7.94,8.09,7.80,8.09,000,6.27608
1997-10-01,7.94,8.09,7.80,8.09,000,6.27608
1997-09-30,7.94,8.09,7.80,8.09,236700,6.27608
1997-09-29,7.95,8.19001,7.55,7.90,526700,6.12868
1997-09-26,8.11,8.19001,7.80,8.06999,429500,6.26056
1997-09-25,8.23,8.30,8.00999,8.23,573700,6.38469
1997-09-24,7.77,8.29,7.60,8.23,559000,6.38469
1997-09-23,8.55,8.55,7.74,7.77,302500,6.02783
1997-09-22,9.20,9.20,8.50001,8.60,318300,6.67173
1997-09-19,8.60,9.28,8.60,9.28,1029100,7.19926
1997-09-18,8.80,9.30,8.30,9.30,691500,7.21478
1997-09-17,8.90,9.00001,8.33,9.00001,186700,6.98205
1997-09-16,9.37999,9.37999,8.81,8.90,154100,6.90447
1997-09-15,15.98999,16.08999,15.14999,15.28998,693100,6.97747
1997-09-12,16.19999,16.21999,15.77998,15.93,873900,7.26954
1997-09-11,15.99999,16.44999,15.99999,16.10999,2418100,7.35168
1997-09-10,15.80,15.98999,15.59999,15.74999,598200,7.18739
1997-09-09,16.19999,16.19999,15.70999,15.80,704600,7.21022
1997-09-08,16.19999,16.37998,15.84999,15.98999,652300,7.29692
1997-09-05,16.19999,16.44999,16.01998,16.29,545000,7.43382
1997-09-04,16.09999,16.30,15.97999,16.20999,638800,7.39731
1997-09-03,15.55,16.30,15.35999,16.18999,1154100,7.38819
1997-09-02,15.94999,15.99999,15.39998,15.56,233600,7.10069
1997-09-01,15.74999,15.74999,15.74999,15.74999,000,7.18739
1997-08-29,15.80,15.95999,15.49999,15.74999,467100,7.18739
1997-08-28,15.80,15.99999,15.39998,15.93999,908700,7.2741
1997-08-27,15.80,15.99999,15.69999,15.77998,337300,7.20108
1997-08-26,15.82,16.09999,15.59999,15.84999,607600,7.23303
1997-08-25,15.59999,15.87998,15.31,15.83999,601700,7.22847
1997-08-22,15.20,15.55,14.99999,15.51998,371900,7.08243
1997-08-21,14.50999,15.49999,14.50999,15.49999,511300,7.07331
1997-08-20,15.09999,15.39998,14.90998,15.36999,403100,7.01398
1997-08-19,14.89999,15.45,14.37999,15.33,855000,6.99573
1997-08-18,15.68,15.68,14.74999,14.89999,445300,6.7995
1997-08-15,16.11999,16.17999,15.59999,15.74999,357400,7.18739
1997-08-14,15.55,16.17999,15.55,16.09999,457600,7.34711
1997-08-13,16.06,16.48998,15.80,15.82,398500,7.21934
1997-08-12,16.29,16.49998,15.95999,15.95999,327400,7.28323
1997-08-11,17.09998,17.10998,16.24998,16.29,542800,7.43382
1997-08-08,16.40,17.15,15.80,16.99998,2286600,7.75782
1997-08-07,16.19999,16.74998,16.19999,16.43,530000,7.49771
1997-08-06,17.19999,17.19999,16.34999,16.34999,519400,7.4612
1997-08-05,16.94999,17.29999,16.80999,17.01,816900,7.76239
1997-08-04,16.99998,17.39999,16.69999,17.03,765400,7.77152
1997-08-01,17.08999,17.29999,16.84998,17.27999,786500,7.8856
1997-07-31,16.92999,16.99998,16.44999,16.91,976400,7.71676
1997-07-30,16.19999,16.68999,15.84999,16.68999,902800,7.61636
1997-07-29,16.17999,16.79999,15.56,15.99999,1110700,7.30148
1997-07-28,16.99998,17.29999,16.19999,16.44999,877500,7.50684
1997-07-25,16.92999,17.50,16.84998,17.19999,1699500,7.84909
1997-07-24,17.84998,17.89999,16.90,16.91999,1888900,7.72132
1997-07-23,18.67998,18.97999,17.50,17.84998,2902100,8.14571
1997-07-22,19.09999,19.27998,17.80999,18.67998,3214300,8.52448
1997-07-21,19.45999,19.59999,18.26999,18.68998,2929300,8.52904
1997-07-18,18.49999,19.09999,17.84998,18.98999,4890300,8.66595
1997-07-17,17.98,18.89999,17.75,18.33998,3504100,8.36932
1997-07-16,18.99999,18.99999,17.89999,18.00,3315500,8.21417
1997-07-15,17.59998,18.93998,17.29999,18.67998,8292300,8.45162
1997-07-14,16.30,17.50,15.99999,17.21998,1757900,7.79105
1997-07-11,15.64998,16.34999,15.64998,16.31999,1072200,7.38386
1997-07-10,16.19999,16.34999,15.69999,15.79,427200,7.14407
1997-07-09,15.87998,16.17999,15.07,16.09999,607000,7.28432
1997-07-08,14.89999,15.97999,14.58,15.80,837700,7.14859
1997-07-07,16.49998,16.49998,14.83,14.89999,675200,6.74139
1997-07-04,15.99999,16.69999,15.80,16.47999,832300,7.45625
1997-07-03,16.90,16.90,16.09999,16.40,858600,7.42006
1997-07-02,17.79999,18.00,15.62999,16.99998,1566800,7.69151
1997-07-01,17.35998,18.04999,17.19999,17.35998,000,7.85439
1997-06-30,17.35998,18.04999,17.19999,17.35998,000,7.85439
1997-06-27,17.35998,18.04999,17.19999,17.35998,3484800,7.85439
1997-06-26,16.99998,17.34998,16.88,17.19999,1443700,7.78201
1997-06-25,17.08999,17.50,16.84998,16.98998,2089100,7.68699
1997-06-24,16.54999,17.50,16.54999,17.17999,4817800,7.77296
1997-06-23,15.49999,16.62998,15.39998,16.49998,8344900,7.46529
1997-06-20,14.60,15.24999,14.54998,15.11999,797600,6.84093
1997-06-19,15.30,15.30,14.29999,14.34,297700,6.48803
1997-06-18,14.60,14.99999,14.27999,14.33,323600,6.4835
1997-06-17,14.99999,15.40998,14.70,14.70,664300,6.65091
1997-06-16,15.20,15.49999,14.74999,15.26998,1682400,6.90879
1997-06-13,13.60,14.97999,13.60,14.88999,639700,6.73686
1997-06-12,14.99999,15.14999,14.45,14.60,402700,6.60566
1997-06-11,14.77999,15.49999,13.36,15.37999,699600,6.95856
1997-06-10,15.45999,15.49999,14.54998,14.69,370100,6.64638
1997-06-09,15.13999,15.49999,14.70,15.45,722600,6.99024
1997-06-06,16.65,16.65,14.98999,15.48999,1942800,7.00833
1997-06-05,16.79999,17.44999,15.99999,16.65,1166400,7.53317
1997-06-04,16.88,17.50,16.49998,16.92999,869100,7.65985
1997-06-03,17.09998,17.42999,16.10999,16.65,1453600,7.53317
1997-06-02,16.19999,17.15,15.94999,16.89,2041300,7.64175
1997-05-30,15.47999,16.28,14.52999,15.69999,1140000,7.10335
1997-05-29,15.24999,15.69999,14.99999,15.04998,1160500,6.80925
1997-05-28,15.04998,15.68,14.99999,15.13999,1814300,6.84997
1997-05-27,14.37999,15.09999,14.09,15.08999,1093600,6.82736
1997-05-26,13.77999,14.29999,13.50,14.08,1183200,6.37039
1997-05-23,13.87999,14.76999,13.77999,13.87999,3409600,6.2799
1997-05-22,15.31,15.31,15.31,15.31,000,6.92689
1997-05-21,15.89998,16.30,14.79998,15.31,2486600,6.92689
1997-05-20,16.99998,17.49,16.30,16.35998,2791600,7.40195
1997-05-19,16.98998,18.00,16.98998,16.98998,2162100,7.68699
1997-05-16,18.99999,20.50002,18.87999,18.87999,2467800,8.54211
1997-05-15,18.86999,20.99994,18.10,20.98996,3074800,9.49675
1997-05-14,20.79997,21.71,19.22999,19.22999,2581900,8.70047
1997-05-13,22.89005,22.89005,21.0199,21.36994,1793600,9.66867
1997-05-12,23.00001,23.6999,22.50009,22.90003,2929300,10.36095
1997-05-09,19.99991,21.99998,19.89998,21.79003,2043900,9.85874
1997-05-08,21.60004,21.60004,19.99991,20.42997,3443500,9.24339
1997-05-07,21.60004,22.59988,20.20007,21.8499,7015700,9.88583
1997-05-06,19.79998,21.62998,19.00999,21.62998,6350500,9.78632
1997-05-05,18.23,19.65998,17.89999,19.65998,5685800,8.89501
1997-05-02,17.79999,17.90999,17.29999,17.87,000,8.08515
1997-05-01,17.79999,17.90999,17.29999,17.87,000,8.08515
1997-04-30,17.79999,17.90999,17.29999,17.87,2105400,8.08515
1997-04-29,17.95998,18.07998,17.09998,17.69999,2802200,8.00823
1997-04-28,17.09998,17.59998,16.67999,17.59998,4522500,7.96298
1997-04-25,17.19999,17.50,16.79999,16.98998,3556100,7.68699
1997-04-24,16.79999,17.19999,16.06999,17.06999,3837100,7.72319
1997-04-23,16.97998,17.34998,16.49998,16.69999,4762400,7.55579
1997-04-22,14.66998,17.19999,14.66998,17.19999,9888900,7.78201
1997-04-21,16.59999,16.79999,15.99999,16.29,2985300,7.37029
1997-04-18,16.47999,16.90,15.87998,16.37998,6446600,7.411
1997-04-17,16.49998,17.87,16.40,16.72998,6337200,7.56936
1997-04-16,15.97999,16.52,15.80,16.44999,3594700,7.44268
1997-04-15,16.65,16.79999,15.99999,16.15,3995400,7.30695
1997-04-14,15.59999,16.62998,15.30,16.62998,8378500,7.52411
1997-04-11,13.99999,15.50999,13.79999,15.11999,17256800,6.84093
1997-04-10,12.75,14.10,12.65,14.10,13466400,6.37944
1997-04-09,12.59999,13.19999,12.58999,12.81999,4229000,5.80031
1997-04-08,12.99,13.09998,12.44999,12.50,3301400,5.65553
1997-04-07,12.75,13.19999,12.50,13.12,5931200,5.93605
1997-04-04,12.30999,12.89,12.19999,12.59999,4308600,5.70077
1997-04-03,12.29999,12.47998,12.09999,12.31999,2086000,5.57409
1997-04-02,12.57999,12.67999,12.35998,12.36998,2534900,5.59671
1997-04-01,12.69999,12.77,12.50,12.57999,3660000,5.69172
1997-03-31,11.99998,12.59999,11.99998,12.54999,4079200,5.67815
1997-03-28,12.09999,12.39,11.99998,12.10999,2009400,5.47907
1997-03-27,12.34999,12.44999,12.09999,12.17,2715600,5.50622
1997-03-26,12.15,12.50,12.09999,12.29999,3177600,5.56504
1997-03-25,12.34999,12.40,11.99998,12.25,2438900,5.54242
1997-03-24,12.69999,12.76,12.20999,12.32999,3757300,5.57861
1997-03-21,11.99998,12.50,11.80,12.40,3958100,5.61029
1997-03-20,12.29999,12.79999,11.99998,12.13,5470800,5.48813
1997-03-19,11.94999,12.28,11.74999,12.20999,2801900,5.52432
1997-03-18,12.09999,12.15,11.57999,11.94999,2334800,5.40668
1997-03-17,12.25,12.44999,11.80,11.98999,2871500,5.42478
1997-03-14,12.09999,12.44999,11.81999,12.15,4546200,5.49718
1997-03-13,11.69999,11.96999,11.60999,11.93999,3477000,5.40216
1997-03-12,11.98999,12.05,11.68,11.77,2888300,5.32525
1997-03-11,11.52,11.81999,11.34999,11.80,3491700,5.33882
1997-03-10,11.45999,11.56999,11.30,11.50998,1859600,5.20761
1997-03-07,11.40,11.49999,11.24999,11.30,1576900,5.1126
1997-03-06,11.20,11.49999,11.14998,11.40,1576800,5.15785
1997-03-05,11.80,11.87998,11.20999,11.23999,2375200,5.08545
1997-03-04,11.60999,12.17,11.55,11.78,5483800,5.32977
1997-03-03,11.05,11.68999,11.05,11.60999,4838200,5.25285
1997-02-28,10.59999,11.09999,10.57,10.99999,1950900,4.97686
1997-02-27,10.95,10.99999,10.73999,10.81,1932100,4.8909
1997-02-26,10.47999,10.80,10.47999,10.80,1441500,4.88638
1997-02-25,10.37999,10.99999,10.37999,10.65998,1192600,4.82303
1997-02-24,10.49999,10.59999,10.30,10.39999,1048100,4.7054
1997-02-21,10.25999,10.45,10.14999,10.35999,851700,4.6873
1997-02-20,9.43999,10.37999,9.43999,10.15999,1974200,4.59681
1997-02-19,9.59,10.59999,9.59,10.48999,1133200,4.74612
1997-02-18,10.99999,11.01999,9.95,9.95,1859200,4.5018
1997-02-17,11.20,11.34999,10.80,11.04,1047200,4.99497
1997-02-14,10.95,11.08,10.89999,10.97999,000,4.96782
1997-02-13,10.95,11.08,10.89999,10.97999,000,4.96782
1997-02-12,10.95,11.08,10.89999,10.97999,000,4.96782
1997-02-11,10.95,11.08,10.89999,10.97999,000,4.96782
1997-02-10,10.95,11.08,10.89999,10.97999,000,4.96782
1997-02-07,10.95,11.08,10.89999,10.97999,000,4.96782
1997-02-06,10.95,11.08,10.89999,10.97999,000,4.96782
1997-02-05,10.95,11.08,10.89999,10.97999,000,4.96782
1997-02-04,10.95,11.08,10.89999,10.97999,000,4.96782
1997-02-03,10.95,11.08,10.89999,10.97999,000,4.96782
1997-01-31,10.95,11.08,10.89999,10.97999,1813600,4.96782
1997-01-30,10.89999,11.09999,10.70,10.97999,1423400,4.96782
1997-01-29,10.98999,11.20,10.89999,10.95999,1817000,4.95877
1997-01-28,11.28,11.59999,11.05,11.17,3294900,5.05378
1997-01-27,10.99999,11.23999,10.85999,11.10999,3215700,5.02663
1997-01-24,10.59,10.96999,10.49999,10.83,2491200,4.89995
1997-01-23,10.39999,10.64999,10.37999,10.59999,1837300,4.79589
1997-01-22,10.45,10.70,10.23,10.52999,1596000,4.76421
1997-01-21,10.59999,10.59999,10.44,10.47,925700,4.73707
1997-01-20,10.50999,10.70,10.49999,10.61999,1106200,4.80494
1997-01-17,10.41998,10.64999,10.39999,10.58,995800,4.78684
1997-01-16,10.64999,10.68,10.35,10.55,878100,4.77327
1997-01-15,10.39999,10.70,10.39999,10.59999,1348400,4.79589
1997-01-14,10.99999,10.99999,10.35,10.47999,2470500,4.7416
1997-01-13,10.77998,11.12999,10.63999,10.99999,3078100,4.97686
1997-01-10,10.39999,10.70,10.24999,10.59999,2198100,4.79589
1997-01-09,10.21,10.56,10.20,10.35,1693800,4.68278
1997-01-08,10.37999,10.64999,9.89999,10.35,2404500,4.68278
1997-01-07,9.60,10.80,9.21,10.58,3833100,4.78684
1997-01-06,10.80,10.80,10.08,10.08,3776200,4.56062
1997-01-03,12.50,12.50,11.01999,11.20999,9344200,5.07188
1997-01-02,11.09999,12.08999,10.01999,12.08999,7842700,5.47003
1997-01-01,10.98999,10.98999,10.98999,10.98999,000,4.97234
1996-12-31,10.98999,10.98999,10.98999,10.98999,000,4.97234
1996-12-30,10.50999,10.98999,10.50999,10.98999,4578800,4.97234
1996-12-27,9.50,9.99999,9.29999,9.99999,5898200,4.52442
1996-12-26,9.04999,9.29999,8.75,9.14999,2292600,4.13985
1996-12-25,8.51,9.00,7.50,8.87,3462100,4.01317
1996-12-24,9.18999,9.59,8.23,8.24,2695500,3.72813
1996-12-23,9.17999,9.79999,8.72,9.13,2257100,4.1308
1996-12-20,9.67999,9.99999,9.67999,9.67999,937700,4.37964
1996-12-19,11.68999,11.68999,10.75999,10.75999,1217900,4.86828
1996-12-18,10.45,12.47998,10.45,11.99998,2856800,5.4293
1996-12-17,11.60999,11.60999,11.60999,11.60999,82600,5.25285
1996-12-16,12.90,12.90,12.90,12.90,108100,5.83651
1996-12-13,14.49999,15.20,14.29999,14.35,2329300,6.49255
1996-12-12,15.99999,15.99999,14.61999,15.08999,4926500,6.82736
1996-12-11,15.80,15.99999,15.27998,15.84999,6091600,7.17121
1996-12-10,15.49999,16.28,15.09999,15.56,9665000,7.04001
1996-12-09,14.99999,15.49999,14.60,15.39998,7227900,6.96761
1996-12-06,15.20,15.38999,14.48,14.89999,5338400,6.74139
1996-12-05,14.49999,15.49999,14.48999,14.97999,8218800,6.77759
1996-12-04,14.24999,14.97999,14.20,14.48999,7432300,6.55589
1996-12-03,13.00,14.04999,13.00,14.04999,2595300,6.35681
1996-12-02,14.25999,14.49999,13.14999,13.48,3745400,6.09893
1996-11-29,14.29999,14.84999,13.64999,14.04999,6152600,6.35681
1996-11-28,13.01,14.99999,12.94999,14.41998,13114800,6.52421
1996-11-27,12.90,13.79999,12.84998,13.28999,4394200,6.01296
1996-11-26,13.70998,13.79999,12.70999,13.29999,3605100,6.01748
1996-11-25,13.64999,13.79999,12.50,13.69998,6098400,6.19846
1996-11-22,12.69999,13.57998,11.99998,13.54999,6924000,6.13059
1996-11-21,14.99999,15.39998,12.51,12.90,12962700,5.83651
1996-11-20,12.40,14.49999,12.19999,14.46,17884200,6.54232
1996-11-19,10.70,12.50,10.70,12.41999,17933100,5.61933
1996-11-18,10.39999,10.75999,10.37999,10.62999,5122100,4.80946
1996-11-15,10.37999,10.80,10.26999,10.35,5048000,4.68278
1996-11-14,10.59999,10.70,10.33,10.49999,5683100,4.75064
1996-11-13,9.99999,10.80,9.87999,10.48999,8043100,4.74612
1996-11-12,9.79999,9.98,9.60,9.98,2885100,4.51538
1996-11-11,9.70,9.76999,9.47,9.76999,2334100,4.42036
1996-11-08,9.58,9.58,9.29999,9.41999,668100,4.262
1996-11-07,9.45,9.71,9.29999,9.51999,1641200,4.30725
1996-11-06,9.48,9.54999,9.08,9.38999,1041100,4.24843
1996-11-05,9.62999,9.87999,9.40999,9.48,1343800,4.28915
1996-11-04,9.45,9.70,9.39999,9.61,1318100,4.34797
1996-11-01,9.39999,9.70,9.21,9.42999,2545200,4.26653
1996-10-31,9.79999,10.02999,9.39999,9.97,3671200,4.51085
1996-10-30,9.87999,10.10,9.00,9.45,2225300,4.27558
1996-10-29,9.89999,10.24999,9.74,9.89999,4779800,4.47918
1996-10-28,9.41999,9.95,9.29999,9.85,3564800,4.45656
1996-10-25,9.64999,9.64999,9.45,9.54999,1696100,4.32082
1996-10-24,9.54999,9.70,9.40999,9.70,2951800,4.38869
1996-10-23,9.45,9.60,9.36,9.55999,1479500,4.32534
1996-10-22,9.70,9.74999,9.29999,9.43999,2306000,4.27105
1996-10-21,9.48,9.98,9.29999,9.98,3312400,4.51538
1996-10-18,10.80,10.80,9.39999,9.50,6125900,4.2982
1996-10-17,9.87999,10.80,9.86,10.74999,14789500,4.86375
1996-10-16,9.22,9.77999,8.91999,9.77999,7165000,4.42488
1996-10-15,8.68999,9.39999,8.67999,9.17999,5161600,4.15342
1996-10-14,8.67999,8.68999,8.54999,8.68999,1793500,3.93172
1996-10-11,8.79999,8.79999,8.62,8.69999,989600,3.93624
1996-10-10,8.60,8.85,8.57999,8.78999,703400,3.97697
1996-10-09,8.92999,8.94999,8.57999,8.67999,1737800,3.9272
1996-10-08,9.08,9.08,8.76,8.91999,1810200,4.03578
1996-10-07,8.79999,9.04999,8.76,8.94999,2626100,4.04935
1996-10-04,8.85,8.98,8.65999,8.85,1579300,4.00412
1996-10-03,8.89999,9.13,8.60,8.89,4211800,4.02221
1996-10-02,8.65,8.86,8.29999,8.85,000,4.00412
1996-10-01,8.65,8.86,8.29999,8.85,000,4.00412
1996-09-30,8.65,8.86,8.29999,8.85,000,4.00412
1996-09-27,8.65,8.86,8.29999,8.85,4269300,4.00412
1996-09-26,9.19999,9.50,8.60,8.69999,13619700,3.93624
